SWMM5 LID Report File

Project:  Data from Permeable Pavement Cell "A" in Boone, NC 
LID Unit: prPvmnt in Subcatchment parkinglot

Elapsed	    Total	    Total	  Surface	     Soil	   Bottom	  Surface	    Drain	  Surface	    Soil/	  Storage
   Time	   Inflow	     Evap	    Infil	     Perc	    Infil	   Runoff	  Outflow	    Depth	    Pave 	    Depth
  Hours	    in/hr	    in/hr	    in/hr	    in/hr	    in/hr	    in/hr	    in/hr	   inches	    Moist	   inches
-------	 --------	 --------	 --------	 --------	 --------	 --------	 --------	 --------	 --------	 --------
APR-27-2011  20:42:00      0.00    0.0000   0.00000   0.00000   0.07000   0.00000   0.00000   0.00000   0.00000   1.67089
APR-27-2011  20:44:00      0.24    0.0000   0.24044   0.24044   0.07000   0.00000   0.00000   0.00000   0.00000   1.67591
APR-27-2011  20:46:00      0.24    0.0000   0.24044   0.24044   0.07000   0.00000   0.00000   0.00000   0.00000   1.69295
APR-27-2011  20:48:00      0.05    0.0000   0.05009   0.05009   0.07000   0.00000   0.00000   0.00000   0.00000   1.69096
APR-27-2011  20:50:00      0.05    0.0000   0.05009   0.05009   0.07000   0.00000   0.00000   0.00000   0.00000   1.68897
APR-27-2011  20:52:00      0.05    0.0000   0.05009   0.05009   0.07000   0.00000   0.00000   0.00000   0.00000   1.68698
APR-27-2011  20:54:00      0.05    0.0000   0.05009   0.05009   0.07000   0.00000   0.00000   0.00000   0.00000   1.68499
APR-27-2011  20:56:00      0.05    0.0000   0.05009   0.05009   0.07000   0.00000   0.00000   0.00000   0.00000   1.68300
APR-27-2011  20:58:00      0.15    0.0000   0.15028   0.15028   0.07000   0.00000   0.00000   0.00000   0.00000   1.68602
APR-27-2011  21:00:00      0.36    0.0000   0.36067   0.36067   0.07000   0.00000   0.00000   0.00000   0.00000   1.71509
APR-27-2011  21:02:00      0.12    0.0000   0.12022   0.12022   0.07000   0.00000   0.00000   0.00000   0.00000   1.73213
APR-27-2011  21:04:00      0.12    0.0000   0.12022   0.12022   0.06999   0.00000   0.00000   0.00000   0.00000   1.73715
APR-27-2011  21:06:00      0.12    0.0000   0.12022   0.12022   0.06999   0.00000   0.00000   0.00000   0.00000   1.74218
APR-27-2011  21:08:00      0.06    0.0000   0.06011   0.06011   0.06999   0.00000   0.00000   0.00000   0.00000   1.74119
APR-27-2011  21:10:00      0.06    0.0000   0.06011   0.06011   0.06999   0.00000   0.00000   0.00000   0.00000   1.74020
APR-27-2011  21:12:00      0.06    0.0000   0.06011   0.06011   0.06999   0.00000   0.00000   0.00000   0.00000   1.73921
APR-27-2011  21:14:00      0.06    0.0000   0.06011   0.06011   0.06999   0.00000   0.00000   0.00000   0.00000   1.73822
APR-27-2011  21:16:00      0.06    0.0000   0.06011   0.06011   0.06999   0.00000   0.00000   0.00000   0.00000   1.73724
APR-27-2011  21:18:00      0.12    0.0000   0.12022   0.12022   0.06999   0.00000   0.00000   0.00000   0.00000   1.74226
APR-27-2011  21:20:00      0.12    0.0000   0.12022   0.12022   0.06999   0.00000   0.00000   0.00000   0.00000   1.74728
APR-27-2011  21:22:00      0.09    0.0000   0.09017   0.09017   0.06999   0.00000   0.00000   0.00000   0.00000   1.75080
APR-27-2011  21:24:00      0.09    0.0000   0.09017   0.09017   0.06999   0.00000   0.00000   0.00000   0.00000   1.75282
APR-27-2011  21:26:00      0.09    0.0000   0.09017   0.09017   0.06999   0.00000   0.00000   0.00000   0.00000   1.75484
APR-27-2011  21:28:00      0.18    0.0000   0.18033   0.18033   0.06999   0.00000   0.00000   0.00000   0.00000   1.76136
APR-27-2011  21:30:00      0.36    0.0000   0.36067   0.36067   0.06999   0.00000   0.00000   0.00000   0.00000   1.79043
APR-27-2011  21:32:00      0.36    0.0000   0.36067   0.36067   0.06999   0.00000   0.00000   0.00000   0.00000   1.81950
APR-27-2011  21:34:00      0.00    0.0000   0.00000   0.00000   0.06999   0.00000   0.00000   0.00000   0.00000   1.81250
APR-27-2011  21:36:00      0.00    0.0000   0.00000   0.00000   0.06999   0.00000   0.00000   0.00000   0.00000   1.80550
APR-27-2011  21:38:00      0.00    0.0000   0.00000   0.00000   0.06999   0.00000   0.00000   0.00000   0.00000   1.79850
APR-27-2011  21:40:00      0.00    0.0000   0.00000   0.00000   0.06999   0.00000   0.00000   0.00000   0.00000   1.79150
APR-27-2011  21:42:00      0.00    0.0000   0.00000   0.00000   0.06999   0.00000   0.00000   0.00000   0.00000   1.78451
APR-27-2011  21:44:00      0.00    0.0000   0.00000   0.00000   0.06999   0.00000   0.00000   0.00000   0.00000   1.77751
APR-27-2011  21:46:00      0.00    0.0000   0.00000   0.00000   0.06999   0.00000   0.00000   0.00000   0.00000   1.77051
APR-27-2011  21:48:00      0.00    0.0000   0.00000   0.00000   0.06999   0.00000   0.00000   0.00000   0.00000   1.76351
APR-27-2011  21:50:00      0.00    0.0000   0.00000   0.00000   0.06999   0.00000   0.00000   0.00000   0.00000   1.75651
APR-27-2011  21:52:00      0.00    0.0000   0.00000   0.00000   0.06999   0.00000   0.00000   0.00000   0.00000   1.74951
APR-27-2011  21:54:00      0.60    0.0000   0.60111   0.60111   0.06999   0.00000   0.00000   0.00000   0.00000   1.80262
APR-27-2011  21:56:00      0.60    0.0000   0.60111   0.60111   0.06998   0.00000   0.00000   0.00000   0.00000   1.85574
APR-27-2011  21:58:00      0.72    0.0000   0.72133   0.72133   0.06998   0.00000   0.00000   0.00000   0.00000   1.92087
APR-27-2011  22:00:00      0.72    0.0000   0.72133   0.72133   0.06998   0.00000   0.00000   0.00000   0.00000   1.98601
APR-27-2011  22:02:00      0.72    0.0000   0.72133   0.72133   0.06998   0.00000   0.00000   0.00000   0.00000   2.05114
APR-27-2011  22:04:00      0.00    0.0000   0.00000   0.00000   0.06998   0.00000   0.00000   0.00000   0.00000   2.04415
APR-27-2011  22:06:00      0.00    0.0000   0.00000   0.00000   0.06998   0.00000   0.00000   0.00000   0.00000   2.03715
APR-27-2011  22:08:00      0.00    0.0000   0.00000   0.00000   0.06998   0.00000   0.00000   0.00000   0.00000   2.03015
APR-27-2011  22:10:00      0.00    0.0000   0.00000   0.00000   0.06998   0.00000   0.00000   0.00000   0.00000   2.02315
APR-27-2011  22:12:00      0.00    0.0000   0.00000   0.00000   0.06998   0.00000   0.00000   0.00000   0.00000   2.01616
APR-27-2011  22:14:00      0.00    0.0000   0.00000   0.00000   0.06998   0.00000   0.00000   0.00000   0.00000   2.00916
APR-27-2011  22:16:00      0.04    0.0000   0.04007   0.04007   0.06998   0.00000   0.00000   0.00000   0.00000   2.00416
APR-27-2011  22:18:00      0.04    0.0000   0.04007   0.04007   0.06998   0.00000   0.00000   0.00000   0.00000   2.00117
APR-27-2011  22:20:00      0.04    0.0000   0.04007   0.04007   0.06998   0.00000   0.00000   0.00000   0.00000   1.99818
APR-27-2011  22:22:00      0.04    0.0000   0.04007   0.04007   0.06998   0.00000   0.00000   0.00000   0.00000   1.99519
APR-27-2011  22:24:00      0.04    0.0000   0.04007   0.04007   0.06998   0.00000   0.00000   0.00000   0.00000   1.99220
APR-27-2011  22:26:00      0.04    0.0000   0.04007   0.04007   0.06998   0.00000   0.00000   0.00000   0.00000   1.98921
APR-27-2011  22:28:00      0.04    0.0000   0.04007   0.04007   0.06998   0.00000   0.00000   0.00000   0.00000   1.98622
APR-27-2011  22:30:00      0.04    0.0000   0.04007   0.04007   0.06998   0.00000   0.00000   0.00000   0.00000   1.98323
APR-27-2011  22:32:00      0.04    0.0000   0.04007   0.04007   0.06998   0.00000   0.00000   0.00000   0.00000   1.98024
APR-27-2011  22:34:00      0.04    0.0000   0.04007   0.04007   0.06998   0.00000   0.00000   0.00000   0.00000   1.97725
APR-27-2011  22:36:00      0.04    0.0000   0.04007   0.04007   0.06997   0.00000   0.00000   0.00000   0.00000   1.97426
APR-27-2011  22:38:00      0.48    0.0000   0.48089   0.48089   0.06997   0.00000   0.00000   0.00000   0.00000   2.01535
APR-27-2011  22:40:00      0.48    0.0000   0.48089   0.48089   0.06997   0.00000   0.00000   0.00000   0.00000   2.05644
APR-27-2011  22:42:00      0.12    0.0000   0.12022   0.12022   0.06997   0.00000   0.00000   0.00000   0.00000   2.07950
APR-27-2011  22:44:00      0.12    0.0000   0.12022   0.12022   0.06997   0.00000   0.00000   0.00000   0.00000   2.08453
APR-27-2011  22:46:00      0.12    0.0000   0.12022   0.12022   0.06997   0.00000   0.00000   0.00000   0.00000   2.08955
APR-27-2011  22:48:00      0.06    0.0000   0.06011   0.06011   0.06997   0.00000   0.00000   0.00000   0.00000   2.08857
APR-27-2011  22:50:00      0.06    0.0000   0.06011   0.06011   0.06997   0.00000   0.00000   0.00000   0.00000   2.08758
APR-27-2011  22:52:00      0.06    0.0000   0.06011   0.06011   0.06997   0.00000   0.00000   0.00000   0.00000   2.08660
APR-27-2011  22:54:00      0.06    0.0000   0.06011   0.06011   0.06997   0.00000   0.00000   0.00000   0.00000   2.08561
APR-27-2011  22:56:00      0.06    0.0000   0.06011   0.06011   0.06997   0.00000   0.00000   0.00000   0.00000   2.08463
APR-27-2011  22:58:00      0.00    0.0000   0.00000   0.00000   0.06997   0.00000   0.00000   0.00000   0.00000   2.08063
APR-27-2011  23:00:00      0.00    0.0000   0.00000   0.00000   0.06997   0.00000   0.00000   0.00000   0.00000   2.07364
APR-27-2011  23:02:00      0.00    0.0000   0.00000   0.00000   0.06997   0.00000   0.00000   0.00000   0.00000   2.06664
APR-27-2011  23:04:00      0.00    0.0000   0.00000   0.00000   0.06997   0.00000   0.00000   0.00000   0.00000   2.05964
APR-27-2011  23:06:00      0.00    0.0000   0.00000   0.00000   0.06997   0.00000   0.00000   0.00000   0.00000   2.05265
APR-27-2011  23:08:00      0.00    0.0000   0.00000   0.00000   0.06997   0.00000   0.00000   0.00000   0.00000   2.04565
APR-27-2011  23:10:00      0.00    0.0000   0.00000   0.00000   0.06997   0.00000   0.00000   0.00000   0.00000   2.03865
APR-27-2011  23:12:00      0.00    0.0000   0.00000   0.00000   0.06997   0.00000   0.00000   0.00000   0.00000   2.03166
APR-27-2011  23:14:00      0.00    0.0000   0.00000   0.00000   0.06997   0.00000   0.00000   0.00000   0.00000   2.02466
APR-27-2011  23:16:00      0.00    0.0000   0.00000   0.00000   0.06997   0.00000   0.00000   0.00000   0.00000   2.01766
APR-27-2011  23:18:00      0.00    0.0000   0.00000   0.00000   0.06997   0.00000   0.00000   0.00000   0.00000   2.01067
APR-27-2011  23:20:00      0.00    0.0000   0.00000   0.00000   0.06997   0.00000   0.00000   0.00000   0.00000   2.00367
APR-27-2011  23:22:00      0.00    0.0000   0.00000   0.00000   0.06997   0.00000   0.00000   0.00000   0.00000   1.99667
APR-27-2011  23:24:00      0.00    0.0000   0.00000   0.00000   0.06997   0.00000   0.00000   0.00000   0.00000   1.98968
APR-27-2011  23:26:00      0.00    0.0000   0.00000   0.00000   0.06997   0.00000   0.00000   0.00000   0.00000   1.98268
APR-27-2011  23:28:00      0.00    0.0000   0.00000   0.00000   0.06997   0.00000   0.00000   0.00000   0.00000   1.97568
APR-27-2011  23:30:00      0.00    0.0000   0.00000   0.00000   0.06997   0.00000   0.00000   0.00000   0.00000   1.96869
APR-27-2011  23:32:00      0.00    0.0000   0.00000   0.00000   0.06997   0.00000   0.00000   0.00000   0.00000   1.96169
APR-27-2011  23:34:00      0.00    0.0000   0.00000   0.00000   0.06997   0.00000   0.00000   0.00000   0.00000   1.95469
APR-27-2011  23:36:00      0.00    0.0000   0.00000   0.00000   0.06997   0.00000   0.00000   0.00000   0.00000   1.94769
APR-27-2011  23:38:00      0.00    0.0000   0.00000   0.00000   0.06997   0.00000   0.00000   0.00000   0.00000   1.94070
APR-27-2011  23:40:00      0.00    0.0000   0.00000   0.00000   0.06997   0.00000   0.00000   0.00000   0.00000   1.93370
APR-27-2011  23:42:00      0.00    0.0000   0.00000   0.00000   0.06997   0.00000   0.00000   0.00000   0.00000   1.92670
APR-27-2011  23:44:00      0.00    0.0000   0.00000   0.00000   0.06997   0.00000   0.00000   0.00000   0.00000   1.91971
APR-27-2011  23:46:00      0.00    0.0000   0.00000   0.00000   0.06997   0.00000   0.00000   0.00000   0.00000   1.91271
APR-27-2011  23:48:00      0.00    0.0000   0.00000   0.00000   0.06997   0.00000   0.00000   0.00000   0.00000   1.90571
APR-27-2011  23:50:00      0.00    0.0000   0.00000   0.00000   0.06997   0.00000   0.00000   0.00000   0.00000   1.89872
APR-27-2011  23:52:00      0.00    0.0000   0.00000   0.00000   0.06997   0.00000   0.00000   0.00000   0.00000   1.89172
APR-27-2011  23:54:00      0.00    0.0000   0.00000   0.00000   0.06997   0.00000   0.00000   0.00000   0.00000   1.88472
APR-27-2011  23:56:00      0.00    0.0000   0.00000   0.00000   0.06997   0.00000   0.00000   0.00000   0.00000   1.87773
APR-27-2011  23:58:00      0.12    0.0000   0.12022   0.12022   0.06997   0.00000   0.00000   0.00000   0.00000   1.87674
APR-28-2011  00:00:00      0.12    0.0000   0.12022   0.12022   0.06997   0.00000   0.00000   0.00000   0.00000   1.88177
APR-28-2011  00:02:00      0.12    0.0000   0.12022   0.12022   0.06997   0.00000   0.00000   0.00000   0.00000   1.88679
APR-28-2011  00:04:00      0.00    0.0000   0.00000   0.00000   0.06997   0.00000   0.00000   0.00000   0.00000   1.87980
APR-28-2011  00:06:00      0.00    0.0000   0.00000   0.00000   0.06997   0.00000   0.00000   0.00000   0.00000   1.87280
APR-28-2011  00:08:00      0.00    0.0000   0.00000   0.00000   0.06997   0.00000   0.00000   0.00000   0.00000   1.86580
APR-28-2011  00:10:00      0.00    0.0000   0.00000   0.00000   0.06997   0.00000   0.00000   0.00000   0.00000   1.85880
APR-28-2011  00:12:00      0.00    0.0000   0.00000   0.00000   0.06997   0.00000   0.00000   0.00000   0.00000   1.85181
APR-28-2011  00:14:00      0.00    0.0000   0.00000   0.00000   0.06997   0.00000   0.00000   0.00000   0.00000   1.84481
APR-28-2011  00:16:00      0.00    0.0000   0.00000   0.00000   0.06997   0.00000   0.00000   0.00000   0.00000   1.83781
APR-28-2011  00:18:00      0.00    0.0000   0.00000   0.00000   0.06997   0.00000   0.00000   0.00000   0.00000   1.83082
APR-28-2011  00:20:00      0.00    0.0000   0.00000   0.00000   0.06997   0.00000   0.00000   0.00000   0.00000   1.82382
APR-28-2011  00:22:00      0.00    0.0000   0.00000   0.00000   0.06997   0.00000   0.00000   0.00000   0.00000   1.81682
APR-28-2011  00:24:00      0.00    0.0000   0.00000   0.00000   0.06997   0.00000   0.00000   0.00000   0.00000   1.80983
APR-28-2011  00:26:00      0.00    0.0000   0.00000   0.00000   0.06997   0.00000   0.00000   0.00000   0.00000   1.80283
APR-28-2011  00:28:00      0.00    0.0000   0.00000   0.00000   0.06997   0.00000   0.00000   0.00000   0.00000   1.79583
APR-28-2011  00:30:00      0.00    0.0000   0.00000   0.00000   0.06997   0.00000   0.00000   0.00000   0.00000   1.78884
APR-28-2011  00:32:00      0.00    0.0000   0.00000   0.00000   0.06997   0.00000   0.00000   0.00000   0.00000   1.78184
APR-28-2011  00:34:00      0.36    0.0000   0.36067   0.36067   0.06997   0.00000   0.00000   0.00000   0.00000   1.81091
APR-28-2011  00:36:00      0.36    0.0000   0.36067   0.36067   0.06996   0.00000   0.00000   0.00000   0.00000   1.83998
APR-28-2011  00:38:00      0.00    0.0000   0.00000   0.00000   0.06996   0.00000   0.00000   0.00000   0.00000   1.85102
APR-28-2011  00:40:00      0.00    0.0000   0.00000   0.00000   0.06996   0.00000   0.00000   0.00000   0.00000   1.84402
APR-28-2011  00:42:00      0.00    0.0000   0.00000   0.00000   0.06996   0.00000   0.00000   0.00000   0.00000   1.83703
APR-28-2011  00:44:00      0.00    0.0000   0.00000   0.00000   0.06996   0.00000   0.00000   0.00000   0.00000   1.83003
APR-28-2011  00:46:00      0.00    0.0000   0.00000   0.00000   0.06996   0.00000   0.00000   0.00000   0.00000   1.82303
APR-28-2011  00:48:00      0.00    0.0000   0.00000   0.00000   0.06996   0.00000   0.00000   0.00000   0.00000   1.81604
APR-28-2011  00:50:00      0.00    0.0000   0.00000   0.00000   0.06996   0.00000   0.00000   0.00000   0.00000   1.80904
APR-28-2011  00:52:00      0.00    0.0000   0.00000   0.00000   0.06996   0.00000   0.00000   0.00000   0.00000   1.80204
APR-28-2011  00:54:00      0.00    0.0000   0.00000   0.00000   0.06996   0.00000   0.00000   0.00000   0.00000   1.79505
APR-28-2011  00:56:00      0.00    0.0000   0.00000   0.00000   0.06996   0.00000   0.00000   0.00000   0.00000   1.78805
APR-28-2011  00:58:00      0.00    0.0000   0.00000   0.00000   0.06996   0.00000   0.00000   0.00000   0.00000   1.78105
APR-28-2011  01:00:00      0.08    0.0000   0.08015   0.08015   0.06996   0.00000   0.00000   0.00000   0.00000   1.78207
APR-28-2011  01:02:00      0.08    0.0000   0.08015   0.08015   0.06996   0.00000   0.00000   0.00000   0.00000   1.78309
APR-28-2011  01:04:00      0.08    0.0000   0.08015   0.08015   0.06996   0.00000   0.00000   0.00000   0.00000   1.78411
APR-28-2011  01:06:00      0.08    0.0000   0.08015   0.08015   0.06996   0.00000   0.00000   0.00000   0.00000   1.78513
APR-28-2011  01:08:00      0.08    0.0000   0.08015   0.08015   0.06996   0.00000   0.00000   0.00000   0.00000   1.78615
APR-28-2011  01:10:00      0.24    0.0000   0.24044   0.24044   0.06996   0.00000   0.00000   0.00000   0.00000   1.79919
APR-28-2011  01:12:00      0.12    0.0000   0.12022   0.12022   0.06996   0.00000   0.00000   0.00000   0.00000   1.81022
APR-28-2011  01:14:00      0.12    0.0000   0.12022   0.12022   0.06996   0.00000   0.00000   0.00000   0.00000   1.81525
APR-28-2011  01:16:00      0.12    0.0000   0.12022   0.12022   0.06996   0.00000   0.00000   0.00000   0.00000   1.82028
APR-28-2011  01:18:00      0.05    0.0000   0.05009   0.05009   0.06996   0.00000   0.00000   0.00000   0.00000   1.81829
APR-28-2011  01:20:00      0.05    0.0000   0.05009   0.05009   0.06996   0.00000   0.00000   0.00000   0.00000   1.81630
APR-28-2011  01:22:00      0.05    0.0000   0.05009   0.05009   0.06996   0.00000   0.00000   0.00000   0.00000   1.81432
APR-28-2011  01:24:00      0.05    0.0000   0.05009   0.05009   0.06996   0.00000   0.00000   0.00000   0.00000   1.81233
APR-28-2011  01:26:00      0.05    0.0000   0.05009   0.05009   0.06996   0.00000   0.00000   0.00000   0.00000   1.81034
APR-28-2011  01:28:00      0.05    0.0000   0.05009   0.05009   0.06996   0.00000   0.00000   0.00000   0.00000   1.80836
APR-28-2011  01:30:00      0.24    0.0000   0.24044   0.24044   0.06996   0.00000   0.00000   0.00000   0.00000   1.82040
APR-28-2011  01:32:00      0.48    0.0000   0.48089   0.48089   0.06996   0.00000   0.00000   0.00000   0.00000   1.84947
APR-28-2011  01:34:00      0.48    0.0000   0.48089   0.48089   0.06996   0.00000   0.00000   0.00000   0.00000   1.89056
APR-28-2011  01:36:00      0.48    0.0000   0.48089   0.48089   0.06995   0.00000   0.00000   0.00000   0.00000   1.93165
APR-28-2011  01:38:00      0.36    0.0000   0.36067   0.36067   0.06995   0.00000   0.00000   0.00000   0.00000   1.96073
APR-28-2011  01:40:00      0.36    0.0000   0.36067   0.36067   0.06995   0.00000   0.00000   0.00000   0.00000   1.98980
APR-28-2011  01:42:00      0.24    0.0000   0.24044   0.24044   0.06995   0.00000   0.00000   0.00000   0.00000   2.01286
APR-28-2011  01:44:00      0.24    0.0000   0.24044   0.24044   0.06995   0.00000   0.00000   0.00000   0.00000   2.02991
APR-28-2011  01:46:00      0.24    0.0000   0.24044   0.24044   0.06995   0.00000   0.00000   0.00000   0.00000   2.04696
APR-28-2011  01:48:00      0.72    0.0000   0.72133   0.72133   0.06995   0.00000   0.00000   0.00000   0.00000   2.11209
APR-28-2011  01:50:00      0.72    0.0000   0.72133   0.72133   0.06994   0.00000   0.00000   0.00000   0.00000   2.17723
APR-28-2011  01:52:00      2.16    0.0000   2.16400   2.16400   0.06994   0.00000   0.00000   0.00000   0.00000   2.31451
APR-28-2011  01:54:00      2.16    0.0000   2.16400   2.16400   0.06993   0.00000   0.00000   0.00000   0.00000   2.52391
APR-28-2011  01:56:00      2.16    0.0000   2.16400   2.16400   0.06992   0.00000   0.00000   0.00000   0.00000   2.73332
APR-28-2011  01:58:00      0.48    0.0000   0.48089   0.48089   0.06992   0.00000   0.00000   0.00000   0.00000   2.77442
APR-28-2011  02:00:00      0.48    0.0000   0.48089   0.48089   0.06992   0.00000   0.00269   0.00000   0.00000   2.81546
APR-28-2011  02:02:00      0.24    0.0000   0.24044   0.24044   0.06992   0.00000   0.01085   0.00000   0.00000   2.84374
APR-28-2011  02:04:00      0.24    0.0000   0.24044   0.24044   0.06992   0.00000   0.01496   0.00000   0.00000   2.85947
APR-28-2011  02:06:00      0.24    0.0000   0.24044   0.24044   0.06992   0.00000   0.01896   0.00000   0.00000   2.87480
APR-28-2011  02:08:00      0.12    0.0000   0.12022   0.12022   0.06992   0.00000   0.02014   0.00000   0.00000   2.87785
APR-28-2011  02:10:00      0.12    0.0000   0.12022   0.12022   0.06992   0.00000   0.02092   0.00000   0.00000   2.88083
APR-28-2011  02:12:00      0.06    0.0000   0.06011   0.06011   0.06992   0.00000   0.02109   0.00000   0.00000   2.88073
APR-28-2011  02:14:00      0.06    0.0000   0.06011   0.06011   0.06992   0.00000   0.02030   0.00000   0.00000   2.87769
APR-28-2011  02:16:00      0.06    0.0000   0.06011   0.06011   0.06991   0.00000   0.01952   0.00000   0.00000   2.87472
APR-28-2011  02:18:00      0.06    0.0000   0.06011   0.06011   0.06991   0.00000   0.01877   0.00000   0.00000   2.87183
APR-28-2011  02:20:00      0.06    0.0000   0.06011   0.06011   0.06991   0.00000   0.01803   0.00000   0.00000   2.86901
APR-28-2011  02:22:00      0.12    0.0000   0.12022   0.12022   0.06991   0.00000   0.01790   0.00000   0.00000   2.86926
APR-28-2011  02:24:00      0.12    0.0000   0.12022   0.12022   0.06991   0.00000   0.01874   0.00000   0.00000   2.87246
APR-28-2011  02:26:00      0.12    0.0000   0.12022   0.12022   0.06991   0.00000   0.01955   0.00000   0.00000   2.87557
APR-28-2011  02:28:00      0.24    0.0000   0.24044   0.24044   0.06991   0.00000   0.02305   0.00000   0.00000   2.89048
APR-28-2011  02:30:00      0.24    0.0000   0.24044   0.24044   0.06991   0.00000   0.02684   0.00000   0.00000   2.90502
APR-28-2011  02:32:00      0.12    0.0000   0.12022   0.12022   0.06991   0.00000   0.02936   0.00000   0.00000   2.91320
APR-28-2011  02:34:00      0.12    0.0000   0.12022   0.12022   0.06991   0.00000   0.02990   0.00000   0.00000   2.91526
APR-28-2011  02:36:00      0.12    0.0000   0.12022   0.12022   0.06991   0.00000   0.03043   0.00000   0.00000   2.91727
APR-28-2011  02:38:00      0.06    0.0000   0.06011   0.06011   0.06991   0.00000   0.02958   0.00000   0.00000   2.91329
APR-28-2011  02:40:00      0.06    0.0000   0.06011   0.06011   0.06991   0.00000   0.02857   0.00000   0.00000   2.90941
APR-28-2011  02:42:00      0.06    0.0000   0.06011   0.06011   0.06991   0.00000   0.02758   0.00000   0.00000   2.90563
APR-28-2011  02:44:00      0.06    0.0000   0.06011   0.06011   0.06991   0.00000   0.02662   0.00000   0.00000   2.90194
APR-28-2011  02:46:00      0.06    0.0000   0.06011   0.06011   0.06991   0.00000   0.02569   0.00000   0.00000   2.89836
APR-28-2011  02:48:00      0.05    0.0000   0.05009   0.05009   0.06991   0.00000   0.02455   0.00000   0.00000   2.89387
APR-28-2011  02:50:00      0.05    0.0000   0.05009   0.05009   0.06991   0.00000   0.02341   0.00000   0.00000   2.88950
APR-28-2011  02:52:00      0.05    0.0000   0.05009   0.05009   0.06991   0.00000   0.02230   0.00000   0.00000   2.88524
APR-28-2011  02:54:00      0.05    0.0000   0.05009   0.05009   0.06991   0.00000   0.02122   0.00000   0.00000   2.88109
APR-28-2011  02:56:00      0.05    0.0000   0.05009   0.05009   0.06991   0.00000   0.02016   0.00000   0.00000   2.87704
APR-28-2011  02:58:00      0.05    0.0000   0.05009   0.05009   0.06991   0.00000   0.01913   0.00000   0.00000   2.87310
APR-28-2011  03:00:00      0.24    0.0000   0.24044   0.24044   0.06991   0.00000   0.02114   0.00000   0.00000   2.88316
APR-28-2011  03:02:00      0.24    0.0000   0.24044   0.24044   0.06991   0.00000   0.02498   0.00000   0.00000   2.89789
APR-28-2011  03:04:00      0.24    0.0000   0.24044   0.24044   0.06991   0.00000   0.02872   0.00000   0.00000   2.91223
APR-28-2011  03:06:00      0.24    0.0000   0.24044   0.24044   0.06990   0.00000   0.03237   0.00000   0.00000   2.92621
APR-28-2011  03:08:00      0.06    0.0000   0.06011   0.06011   0.06990   0.00000   0.03185   0.00000   0.00000   2.92200
APR-28-2011  03:10:00      0.06    0.0000   0.06011   0.06011   0.06990   0.00000   0.03078   0.00000   0.00000   2.91789
APR-28-2011  03:12:00      0.06    0.0000   0.06011   0.06011   0.06990   0.00000   0.02974   0.00000   0.00000   2.91389
APR-28-2011  03:14:00      0.06    0.0000   0.06011   0.06011   0.06990   0.00000   0.02872   0.00000   0.00000   2.91000
APR-28-2011  03:16:00      0.06    0.0000   0.06011   0.06011   0.06990   0.00000   0.02773   0.00000   0.00000   2.90620
APR-28-2011  03:18:00      0.06    0.0000   0.06011   0.06011   0.06990   0.00000   0.02677   0.00000   0.00000   2.90250
APR-28-2011  03:20:00      0.06    0.0000   0.06011   0.06011   0.06990   0.00000   0.02583   0.00000   0.00000   2.89890
APR-28-2011  03:22:00      0.06    0.0000   0.06011   0.06011   0.06990   0.00000   0.02491   0.00000   0.00000   2.89539
APR-28-2011  03:24:00      0.06    0.0000   0.06011   0.06011   0.06990   0.00000   0.02402   0.00000   0.00000   2.89197
APR-28-2011  03:26:00      0.06    0.0000   0.06011   0.06011   0.06990   0.00000   0.02315   0.00000   0.00000   2.88864
APR-28-2011  03:28:00      0.12    0.0000   0.12022   0.12022   0.06990   0.00000   0.02366   0.00000   0.00000   2.89133
APR-28-2011  03:30:00      0.12    0.0000   0.12022   0.12022   0.06990   0.00000   0.02435   0.00000   0.00000   2.89396
APR-28-2011  03:32:00      0.12    0.0000   0.12022   0.12022   0.06990   0.00000   0.02501   0.00000   0.00000   2.89652
APR-28-2011  03:34:00      0.00    0.0000   0.00000   0.00000   0.06990   0.00000   0.02296   0.00000   0.00000   2.88713
APR-28-2011  03:36:00      0.00    0.0000   0.00000   0.00000   0.06990   0.00000   0.02057   0.00000   0.00000   2.87798
APR-28-2011  03:38:00      0.00    0.0000   0.00000   0.00000   0.06990   0.00000   0.01824   0.00000   0.00000   2.86906
APR-28-2011  03:40:00      0.00    0.0000   0.00000   0.00000   0.06990   0.00000   0.01598   0.00000   0.00000   2.86038
APR-28-2011  03:42:00      0.00    0.0000   0.00000   0.00000   0.06990   0.00000   0.01377   0.00000   0.00000   2.85191
APR-28-2011  03:44:00      0.00    0.0000   0.00000   0.00000   0.06990   0.00000   0.01162   0.00000   0.00000   2.84367
APR-28-2011  03:46:00      0.00    0.0000   0.00000   0.00000   0.06990   0.00000   0.00952   0.00000   0.00000   2.83563
APR-28-2011  03:48:00      0.00    0.0000   0.00000   0.00000   0.06990   0.00000   0.00748   0.00000   0.00000   2.82781
APR-28-2011  03:50:00      0.00    0.0000   0.00000   0.00000   0.06990   0.00000   0.00549   0.00000   0.00000   2.82018
APR-28-2011  03:52:00      0.00    0.0000   0.00000   0.00000   0.06990   0.00000   0.00355   0.00000   0.00000   2.81275
APR-28-2011  03:54:00      0.24    0.0000   0.24044   0.24044   0.06990   0.00000   0.00400   0.00000   0.00000   2.81748
APR-28-2011  03:56:00      0.24    0.0000   0.24044   0.24044   0.06990   0.00000   0.00828   0.00000   0.00000   2.83389
APR-28-2011  03:58:00      0.84    0.0000   0.84156   0.84156   0.06990   0.00000   0.02600   0.00000   0.00000   2.90931
APR-28-2011  04:00:00      0.84    0.0000   0.84156   0.84156   0.06989   0.00000   0.04517   0.00000   0.00000   2.98279
APR-28-2011  04:02:00      0.24    0.0000   0.24044   0.24044   0.06989   0.00000   0.05800   0.00000   0.00000   3.02448
APR-28-2011  04:04:00      0.24    0.0000   0.24044   0.24044   0.06989   0.00000   0.06089   0.00000   0.00000   3.03557
APR-28-2011  04:06:00      0.24    0.0000   0.24044   0.24044   0.06989   0.00000   0.06371   0.00000   0.00000   3.04638
APR-28-2011  04:08:00      0.05    0.0000   0.05009   0.05009   0.06989   0.00000   0.06217   0.00000   0.00000   3.03809
APR-28-2011  04:10:00      0.05    0.0000   0.05009   0.05009   0.06989   0.00000   0.06006   0.00000   0.00000   3.03001
APR-28-2011  04:12:00      0.05    0.0000   0.05009   0.05009   0.06989   0.00000   0.05801   0.00000   0.00000   3.02214
APR-28-2011  04:14:00      0.05    0.0000   0.05009   0.05009   0.06989   0.00000   0.05601   0.00000   0.00000   3.01447
APR-28-2011  04:16:00      0.05    0.0000   0.05009   0.05009   0.06989   0.00000   0.05406   0.00000   0.00000   3.00700
APR-28-2011  04:18:00      0.60    0.0000   0.60111   0.60111   0.06989   0.00000   0.05752   0.00000   0.00000   3.02714
APR-28-2011  04:20:00      0.60    0.0000   0.60111   0.60111   0.06989   0.00000   0.06969   0.00000   0.00000   3.07382
APR-28-2011  04:22:00      1.44    0.0000   1.44267   1.44267   0.06988   0.00000   0.08974   0.00000   0.00000   3.16118
APR-28-2011  04:24:00      1.44    0.0000   1.44267   1.44267   0.06988   0.00000   0.12272   0.00000   0.00000   3.28762
APR-28-2011  04:26:00      1.44    0.0000   1.44267   1.44267   0.06987   0.00000   0.15485   0.00000   0.00000   3.41082
APR-28-2011  04:28:00      0.36    0.0000   0.36067   0.36067   0.06987   0.00000   0.16179   0.00000   0.00000   3.42387
APR-28-2011  04:30:00      0.36    0.0000   0.36067   0.36067   0.06987   0.00000   0.16510   0.00000   0.00000   3.43658
APR-28-2011  04:32:00      0.36    0.0000   0.36067   0.36067   0.06987   0.00000   0.16833   0.00000   0.00000   3.44897
APR-28-2011  04:34:00      0.00    0.0000   0.00000   0.00000   0.06987   0.00000   0.16336   0.00000   0.00000   3.42538
APR-28-2011  04:36:00      0.00    0.0000   0.00000   0.00000   0.06987   0.00000   0.15736   0.00000   0.00000   3.40239
APR-28-2011  04:38:00      0.00    0.0000   0.00000   0.00000   0.06987   0.00000   0.15152   0.00000   0.00000   3.38000
APR-28-2011  04:40:00      0.00    0.0000   0.00000   0.00000   0.06987   0.00000   0.14583   0.00000   0.00000   3.35818
APR-28-2011  04:42:00      0.00    0.0000   0.00000   0.00000   0.06987   0.00000   0.14028   0.00000   0.00000   3.33693
APR-28-2011  04:44:00      0.00    0.0000   0.00000   0.00000   0.06987   0.00000   0.13488   0.00000   0.00000   3.31622
APR-28-2011  04:46:00      0.00    0.0000   0.00000   0.00000   0.06987   0.00000   0.12962   0.00000   0.00000   3.29604
APR-28-2011  04:48:00      0.00    0.0000   0.00000   0.00000   0.06987   0.00000   0.12449   0.00000   0.00000   3.27638
APR-28-2011  04:50:00      0.00    0.0000   0.00000   0.00000   0.06987   0.00000   0.11949   0.00000   0.00000   3.25723
APR-28-2011  04:52:00      0.00    0.0000   0.00000   0.00000   0.06987   0.00000   0.11463   0.00000   0.00000   3.23856
APR-28-2011  04:54:00      0.00    0.0000   0.00000   0.00000   0.06987   0.00000   0.10988   0.00000   0.00000   3.22038
APR-28-2011  04:56:00      0.00    0.0000   0.00000   0.00000   0.06987   0.00000   0.10526   0.00000   0.00000   3.20267
APR-28-2011  04:58:00      0.00    0.0000   0.00000   0.00000   0.06987   0.00000   0.10076   0.00000   0.00000   3.18541
APR-28-2011  05:00:00      0.00    0.0000   0.00000   0.00000   0.06987   0.00000   0.09637   0.00000   0.00000   3.16859
APR-28-2011  05:02:00      0.00    0.0000   0.00000   0.00000   0.06987   0.00000   0.09210   0.00000   0.00000   3.15221
APR-28-2011  05:04:00      0.12    0.0000   0.12022   0.12022   0.06987   0.00000   0.09065   0.00000   0.00000   3.14814
APR-28-2011  05:06:00      0.12    0.0000   0.12022   0.12022   0.06987   0.00000   0.08961   0.00000   0.00000   3.14417
APR-28-2011  05:08:00      0.00    0.0000   0.00000   0.00000   0.06987   0.00000   0.08743   0.00000   0.00000   3.13432
APR-28-2011  05:10:00      0.00    0.0000   0.00000   0.00000   0.06987   0.00000   0.08339   0.00000   0.00000   3.11881
APR-28-2011  05:12:00      0.00    0.0000   0.00000   0.00000   0.06987   0.00000   0.07945   0.00000   0.00000   3.10371
APR-28-2011  05:14:00      0.00    0.0000   0.00000   0.00000   0.06987   0.00000   0.07561   0.00000   0.00000   3.08900
APR-28-2011  05:16:00      0.00    0.0000   0.00000   0.00000   0.06987   0.00000   0.07187   0.00000   0.00000   3.07466
APR-28-2011  05:18:00      0.00    0.0000   0.00000   0.00000   0.06987   0.00000   0.06823   0.00000   0.00000   3.06069
APR-28-2011  05:20:00      0.00    0.0000   0.00000   0.00000   0.06987   0.00000   0.06468   0.00000   0.00000   3.04708
APR-28-2011  05:22:00      0.00    0.0000   0.00000   0.00000   0.06987   0.00000   0.06122   0.00000   0.00000   3.03382
APR-28-2011  05:24:00      0.00    0.0000   0.00000   0.00000   0.06987   0.00000   0.05785   0.00000   0.00000   3.02090
APR-28-2011  05:26:00      0.00    0.0000   0.00000   0.00000   0.06987   0.00000   0.05457   0.00000   0.00000   3.00832
APR-28-2011  05:28:00      0.00    0.0000   0.00000   0.00000   0.06987   0.00000   0.05137   0.00000   0.00000   2.99605
APR-28-2011  05:30:00      0.00    0.0000   0.00000   0.00000   0.06987   0.00000   0.04825   0.00000   0.00000   2.98411
APR-28-2011  05:32:00      0.00    0.0000   0.00000   0.00000   0.06987   0.00000   0.04522   0.00000   0.00000   2.97247
APR-28-2011  05:34:00      0.00    0.0000   0.00000   0.00000   0.06987   0.00000   0.04226   0.00000   0.00000   2.96113
APR-28-2011  05:36:00      0.00    0.0000   0.00000   0.00000   0.06987   0.00000   0.03937   0.00000   0.00000   2.95008
APR-28-2011  05:38:00      0.00    0.0000   0.00000   0.00000   0.06987   0.00000   0.03657   0.00000   0.00000   2.93931
APR-28-2011  05:40:00      0.00    0.0000   0.00000   0.00000   0.06987   0.00000   0.03383   0.00000   0.00000   2.92882
APR-28-2011  05:42:00      0.00    0.0000   0.00000   0.00000   0.06987   0.00000   0.03116   0.00000   0.00000   2.91860
APR-28-2011  05:44:00      0.00    0.0000   0.00000   0.00000   0.06987   0.00000   0.02857   0.00000   0.00000   2.90865
APR-28-2011  05:46:00      0.00    0.0000   0.00000   0.00000   0.06987   0.00000   0.02604   0.00000   0.00000   2.89894
APR-28-2011  05:48:00      0.00    0.0000   0.00000   0.00000   0.06987   0.00000   0.02357   0.00000   0.00000   2.88949
APR-28-2011  05:50:00      0.00    0.0000   0.00000   0.00000   0.06987   0.00000   0.02117   0.00000   0.00000   2.88029
APR-28-2011  05:52:00      0.00    0.0000   0.00000   0.00000   0.06987   0.00000   0.01883   0.00000   0.00000   2.87131
APR-28-2011  05:54:00      0.00    0.0000   0.00000   0.00000   0.06987   0.00000   0.01655   0.00000   0.00000   2.86257
APR-28-2011  05:56:00      0.00    0.0000   0.00000   0.00000   0.06987   0.00000   0.01433   0.00000   0.00000   2.85406
APR-28-2011  05:58:00      0.00    0.0000   0.00000   0.00000   0.06987   0.00000   0.01216   0.00000   0.00000   2.84576
APR-28-2011  06:00:00      0.00    0.0000   0.00000   0.00000   0.06987   0.00000   0.01006   0.00000   0.00000   2.83768
APR-28-2011  06:02:00      0.00    0.0000   0.00000   0.00000   0.06987   0.00000   0.00800   0.00000   0.00000   2.82980
APR-28-2011  06:04:00      0.00    0.0000   0.00000   0.00000   0.06987   0.00000   0.00600   0.00000   0.00000   2.82213
APR-28-2011  06:06:00      0.24    0.0000   0.24044   0.24044   0.06987   0.00000   0.00639   0.00000   0.00000   2.82661
APR-28-2011  06:08:00      0.24    0.0000   0.24044   0.24044   0.06987   0.00000   0.01061   0.00000   0.00000   2.84279
APR-28-2011  06:10:00      0.24    0.0000   0.24044   0.24044   0.06987   0.00000   0.01472   0.00000   0.00000   2.85856
APR-28-2011  06:12:00      0.04    0.0000   0.04007   0.04007   0.06986   0.00000   0.01678   0.00000   0.00000   2.86395
APR-28-2011  06:14:00      0.04    0.0000   0.04007   0.04007   0.06986   0.00000   0.01558   0.00000   0.00000   2.85936
APR-28-2011  06:16:00      0.04    0.0000   0.04007   0.04007   0.06986   0.00000   0.01441   0.00000   0.00000   2.85489
APR-28-2011  06:18:00      0.04    0.0000   0.04007   0.04007   0.06986   0.00000   0.01328   0.00000   0.00000   2.85053
APR-28-2011  06:20:00      0.04    0.0000   0.04007   0.04007   0.06986   0.00000   0.01217   0.00000   0.00000   2.84629
APR-28-2011  06:22:00      0.04    0.0000   0.04007   0.04007   0.06986   0.00000   0.01109   0.00000   0.00000   2.84215
APR-28-2011  06:24:00      0.04    0.0000   0.04007   0.04007   0.06986   0.00000   0.01004   0.00000   0.00000   2.83812
APR-28-2011  06:26:00      0.04    0.0000   0.04007   0.04007   0.06986   0.00000   0.00902   0.00000   0.00000   2.83420
APR-28-2011  06:28:00      0.00    0.0000   0.00000   0.00000   0.06986   0.00000   0.00763   0.00000   0.00000   2.82838
APR-28-2011  06:30:00      0.00    0.0000   0.00000   0.00000   0.06986   0.00000   0.00564   0.00000   0.00000   2.82074
APR-28-2011  06:32:00      0.00    0.0000   0.00000   0.00000   0.06986   0.00000   0.00370   0.00000   0.00000   2.81330
APR-28-2011  06:34:00      0.00    0.0000   0.00000   0.00000   0.06986   0.00000   0.00181   0.00000   0.00000   2.80605
APR-28-2011  06:36:00      0.00    0.0000   0.00000   0.00000   0.06986   0.00000   0.00000   0.00000   0.00000   2.79899
APR-28-2011  06:38:00      0.00    0.0000   0.00000   0.00000   0.06986   0.00000   0.00000   0.00000   0.00000   2.79200
APR-28-2011  06:40:00      0.00    0.0000   0.00000   0.00000   0.06986   0.00000   0.00000   0.00000   0.00000   2.78502
APR-28-2011  06:42:00      0.00    0.0000   0.00000   0.00000   0.06986   0.00000   0.00000   0.00000   0.00000   2.77803
APR-28-2011  06:44:00      0.00    0.0000   0.00000   0.00000   0.06986   0.00000   0.00000   0.00000   0.00000   2.77104
APR-28-2011  06:46:00      0.00    0.0000   0.00000   0.00000   0.06986   0.00000   0.00000   0.00000   0.00000   2.76406
APR-28-2011  06:48:00      0.00    0.0000   0.00000   0.00000   0.06986   0.00000   0.00000   0.00000   0.00000   2.75707
APR-28-2011  06:50:00      0.00    0.0000   0.00000   0.00000   0.06986   0.00000   0.00000   0.00000   0.00000   2.75009
APR-28-2011  06:52:00      0.00    0.0000   0.00000   0.00000   0.06986   0.00000   0.00000   0.00000   0.00000   2.74310
APR-28-2011  06:54:00      0.00    0.0000   0.00000   0.00000   0.06986   0.00000   0.00000   0.00000   0.00000   2.73611
APR-28-2011  06:56:00      0.00    0.0000   0.00000   0.00000   0.06986   0.00000   0.00000   0.00000   0.00000   2.72913
APR-28-2011  06:58:00      0.00    0.0000   0.00000   0.00000   0.06986   0.00000   0.00000   0.00000   0.00000   2.72214
APR-28-2011  07:00:00      0.00    0.0000   0.00000   0.00000   0.06986   0.00000   0.00000   0.00000   0.00000   2.71515
APR-28-2011  07:02:00      0.00    0.0000   0.00000   0.00000   0.06986   0.00000   0.00000   0.00000   0.00000   2.70817
APR-28-2011  07:04:00      0.00    0.0000   0.00000   0.00000   0.06986   0.00000   0.00000   0.00000   0.00000   2.70118
APR-28-2011  07:06:00      0.00    0.0000   0.00000   0.00000   0.06986   0.00000   0.00000   0.00000   0.00000   2.69420
APR-28-2011  07:08:00      0.00    0.0000   0.00000   0.00000   0.06986   0.00000   0.00000   0.00000   0.00000   2.68721
APR-28-2011  07:10:00      0.00    0.0000   0.00000   0.00000   0.06986   0.00000   0.00000   0.00000   0.00000   2.68022
APR-28-2011  07:12:00      0.00    0.0000   0.00000   0.00000   0.06986   0.00000   0.00000   0.00000   0.00000   2.67324
APR-28-2011  07:14:00      0.00    0.0000   0.00000   0.00000   0.06986   0.00000   0.00000   0.00000   0.00000   2.66625
APR-28-2011  07:16:00      0.00    0.0000   0.00000   0.00000   0.06986   0.00000   0.00000   0.00000   0.00000   2.65926
APR-28-2011  07:18:00      0.00    0.0000   0.00000   0.00000   0.06986   0.00000   0.00000   0.00000   0.00000   2.65228
APR-28-2011  07:20:00      0.00    0.0000   0.00000   0.00000   0.06986   0.00000   0.00000   0.00000   0.00000   2.64529
APR-28-2011  07:22:00      0.00    0.0000   0.00000   0.00000   0.06986   0.00000   0.00000   0.00000   0.00000   2.63830
APR-28-2011  07:24:00      0.00    0.0000   0.00000   0.00000   0.06986   0.00000   0.00000   0.00000   0.00000   2.63132
APR-28-2011  07:26:00      0.00    0.0000   0.00000   0.00000   0.06986   0.00000   0.00000   0.00000   0.00000   2.62433
APR-28-2011  07:28:00      0.00    0.0000   0.00000   0.00000   0.06986   0.00000   0.00000   0.00000   0.00000   2.61735
APR-28-2011  07:30:00      0.00    0.0000   0.00000   0.00000   0.06986   0.00000   0.00000   0.00000   0.00000   2.61036
APR-28-2011  07:32:00      0.00    0.0000   0.00000   0.00000   0.06986   0.00000   0.00000   0.00000   0.00000   2.60337
APR-28-2011  07:34:00      0.00    0.0000   0.00000   0.00000   0.06986   0.00000   0.00000   0.00000   0.00000   2.59639
APR-28-2011  07:36:00      0.00    0.0000   0.00000   0.00000   0.06986   0.00000   0.00000   0.00000   0.00000   2.58940
APR-28-2011  07:38:00      0.00    0.0000   0.00000   0.00000   0.06986   0.00000   0.00000   0.00000   0.00000   2.58241
APR-28-2011  07:40:00      0.00    0.0000   0.00000   0.00000   0.06986   0.00000   0.00000   0.00000   0.00000   2.57543
APR-28-2011  07:42:00      0.00    0.0000   0.00000   0.00000   0.06986   0.00000   0.00000   0.00000   0.00000   2.56844
APR-28-2011  07:44:00      0.00    0.0000   0.00000   0.00000   0.06986   0.00000   0.00000   0.00000   0.00000   2.56145
APR-28-2011  07:46:00      0.00    0.0000   0.00000   0.00000   0.06986   0.00000   0.00000   0.00000   0.00000   2.55447
APR-28-2011  07:48:00      0.00    0.0000   0.00000   0.00000   0.06986   0.00000   0.00000   0.00000   0.00000   2.54748
APR-28-2011  07:50:00      0.00    0.0000   0.00000   0.00000   0.06986   0.00000   0.00000   0.00000   0.00000   2.54050
APR-28-2011  07:52:00      0.00    0.0000   0.00000   0.00000   0.06986   0.00000   0.00000   0.00000   0.00000   2.53351
APR-28-2011  07:54:00      0.00    0.0000   0.00000   0.00000   0.06986   0.00000   0.00000   0.00000   0.00000   2.52652
APR-28-2011  07:56:00      0.00    0.0000   0.00000   0.00000   0.06986   0.00000   0.00000   0.00000   0.00000   2.51954
APR-28-2011  07:58:00      0.00    0.0000   0.00000   0.00000   0.06986   0.00000   0.00000   0.00000   0.00000   2.51255
APR-28-2011  08:00:00      0.00    0.0000   0.00000   0.00000   0.06986   0.00000   0.00000   0.00000   0.00000   2.50556
APR-28-2011  08:02:00      0.00    0.0000   0.00000   0.00000   0.06986   0.00000   0.00000   0.00000   0.00000   2.49858
APR-28-2011  08:04:00      0.00    0.0000   0.00000   0.00000   0.06986   0.00000   0.00000   0.00000   0.00000   2.49159
APR-28-2011  08:06:00      0.00    0.0000   0.00000   0.00000   0.06986   0.00000   0.00000   0.00000   0.00000   2.48461
APR-28-2011  08:08:00      0.00    0.0000   0.00000   0.00000   0.06986   0.00000   0.00000   0.00000   0.00000   2.47762
APR-28-2011  08:10:00      0.00    0.0000   0.00000   0.00000   0.06986   0.00000   0.00000   0.00000   0.00000   2.47063
APR-28-2011  08:12:00      0.00    0.0000   0.00000   0.00000   0.06986   0.00000   0.00000   0.00000   0.00000   2.46365
APR-28-2011  08:14:00      0.00    0.0000   0.00000   0.00000   0.06986   0.00000   0.00000   0.00000   0.00000   2.45666
APR-28-2011  08:16:00      0.00    0.0000   0.00000   0.00000   0.06986   0.00000   0.00000   0.00000   0.00000   2.44967
APR-28-2011  08:18:00      0.00    0.0000   0.00000   0.00000   0.06986   0.00000   0.00000   0.00000   0.00000   2.44269
APR-28-2011  08:20:00      0.00    0.0000   0.00000   0.00000   0.06986   0.00000   0.00000   0.00000   0.00000   2.43570
APR-28-2011  08:22:00      0.00    0.0000   0.00000   0.00000   0.06986   0.00000   0.00000   0.00000   0.00000   2.42871
APR-28-2011  08:24:00      0.00    0.0000   0.00000   0.00000   0.06986   0.00000   0.00000   0.00000   0.00000   2.42173
APR-28-2011  08:26:00      0.00    0.0000   0.00000   0.00000   0.06986   0.00000   0.00000   0.00000   0.00000   2.41474
APR-28-2011  08:28:00      0.00    0.0000   0.00000   0.00000   0.06986   0.00000   0.00000   0.00000   0.00000   2.40776
APR-28-2011  08:30:00      0.00    0.0000   0.00000   0.00000   0.06986   0.00000   0.00000   0.00000   0.00000   2.40077
APR-28-2011  08:32:00      0.00    0.0000   0.00000   0.00000   0.06986   0.00000   0.00000   0.00000   0.00000   2.39378
APR-28-2011  08:34:00      0.00    0.0000   0.00000   0.00000   0.06986   0.00000   0.00000   0.00000   0.00000   2.38680
APR-28-2011  08:36:00      0.00    0.0000   0.00000   0.00000   0.06986   0.00000   0.00000   0.00000   0.00000   2.37981
APR-28-2011  08:38:00      0.00    0.0000   0.00000   0.00000   0.06986   0.00000   0.00000   0.00000   0.00000   2.37282
APR-28-2011  08:40:00      0.00    0.0000   0.00000   0.00000   0.06986   0.00000   0.00000   0.00000   0.00000   2.36584
APR-28-2011  08:42:00      0.00    0.0000   0.00000   0.00000   0.06986   0.00000   0.00000   0.00000   0.00000   2.35885
APR-28-2011  08:44:00      0.00    0.0000   0.00000   0.00000   0.06986   0.00000   0.00000   0.00000   0.00000   2.35186
APR-28-2011  08:46:00      0.00    0.0000   0.00000   0.00000   0.06986   0.00000   0.00000   0.00000   0.00000   2.34488
APR-28-2011  08:48:00      0.00    0.0000   0.00000   0.00000   0.06986   0.00000   0.00000   0.00000   0.00000   2.33789
APR-28-2011  08:50:00      0.00    0.0000   0.00000   0.00000   0.06986   0.00000   0.00000   0.00000   0.00000   2.33091
APR-28-2011  08:52:00      0.00    0.0000   0.00000   0.00000   0.06986   0.00000   0.00000   0.00000   0.00000   2.32392
APR-28-2011  08:54:00      0.00    0.0000   0.00000   0.00000   0.06986   0.00000   0.00000   0.00000   0.00000   2.31693
APR-28-2011  08:56:00      0.00    0.0000   0.00000   0.00000   0.06986   0.00000   0.00000   0.00000   0.00000   2.30995
APR-28-2011  08:58:00      0.00    0.0000   0.00000   0.00000   0.06986   0.00000   0.00000   0.00000   0.00000   2.30296
APR-28-2011  09:00:00      0.00    0.0000   0.00000   0.00000   0.06986   0.00000   0.00000   0.00000   0.00000   2.29597
APR-28-2011  09:02:00      0.00    0.0000   0.00000   0.00000   0.06986   0.00000   0.00000   0.00000   0.00000   2.28899
APR-28-2011  09:04:00      0.00    0.0000   0.00000   0.00000   0.06986   0.00000   0.00000   0.00000   0.00000   2.28200
APR-28-2011  09:06:00      0.00    0.0000   0.00000   0.00000   0.06986   0.00000   0.00000   0.00000   0.00000   2.27502
APR-28-2011  09:08:00      0.00    0.0000   0.00000   0.00000   0.06986   0.00000   0.00000   0.00000   0.00000   2.26803
APR-28-2011  09:10:00      0.00    0.0000   0.00000   0.00000   0.06986   0.00000   0.00000   0.00000   0.00000   2.26104
APR-28-2011  09:12:00      0.00    0.0000   0.00000   0.00000   0.06986   0.00000   0.00000   0.00000   0.00000   2.25406
APR-28-2011  09:14:00      0.00    0.0000   0.00000   0.00000   0.06986   0.00000   0.00000   0.00000   0.00000   2.24707
APR-28-2011  09:16:00      0.00    0.0000   0.00000   0.00000   0.06986   0.00000   0.00000   0.00000   0.00000   2.24008
APR-28-2011  09:18:00      0.00    0.0000   0.00000   0.00000   0.06986   0.00000   0.00000   0.00000   0.00000   2.23310
APR-28-2011  09:20:00      0.00    0.0000   0.00000   0.00000   0.06986   0.00000   0.00000   0.00000   0.00000   2.22611
APR-28-2011  09:22:00      0.00    0.0000   0.00000   0.00000   0.06986   0.00000   0.00000   0.00000   0.00000   2.21912
APR-28-2011  09:24:00      0.00    0.0000   0.00000   0.00000   0.06986   0.00000   0.00000   0.00000   0.00000   2.21214
APR-28-2011  09:26:00      0.00    0.0000   0.00000   0.00000   0.06986   0.00000   0.00000   0.00000   0.00000   2.20515
APR-28-2011  09:28:00      0.00    0.0000   0.00000   0.00000   0.06986   0.00000   0.00000   0.00000   0.00000   2.19817
APR-28-2011  09:30:00      0.00    0.0000   0.00000   0.00000   0.06986   0.00000   0.00000   0.00000   0.00000   2.19118
APR-28-2011  09:32:00      0.00    0.0000   0.00000   0.00000   0.06986   0.00000   0.00000   0.00000   0.00000   2.18419
APR-28-2011  09:34:00      0.00    0.0000   0.00000   0.00000   0.06986   0.00000   0.00000   0.00000   0.00000   2.17721
APR-28-2011  09:36:00      0.00    0.0000   0.00000   0.00000   0.06986   0.00000   0.00000   0.00000   0.00000   2.17022
APR-28-2011  09:38:00      0.00    0.0000   0.00000   0.00000   0.06986   0.00000   0.00000   0.00000   0.00000   2.16323
APR-28-2011  09:40:00      0.00    0.0000   0.00000   0.00000   0.06986   0.00000   0.00000   0.00000   0.00000   2.15625
APR-28-2011  09:42:00      0.00    0.0000   0.00000   0.00000   0.06986   0.00000   0.00000   0.00000   0.00000   2.14926
APR-28-2011  09:44:00      0.00    0.0000   0.00000   0.00000   0.06986   0.00000   0.00000   0.00000   0.00000   2.14227
APR-28-2011  09:46:00      0.00    0.0000   0.00000   0.00000   0.06986   0.00000   0.00000   0.00000   0.00000   2.13529
APR-28-2011  09:48:00      0.00    0.0000   0.00000   0.00000   0.06986   0.00000   0.00000   0.00000   0.00000   2.12830
APR-28-2011  09:50:00      0.00    0.0000   0.00000   0.00000   0.06986   0.00000   0.00000   0.00000   0.00000   2.12132
APR-28-2011  09:52:00      0.00    0.0000   0.00000   0.00000   0.06986   0.00000   0.00000   0.00000   0.00000   2.11433
APR-28-2011  09:54:00      0.00    0.0000   0.00000   0.00000   0.06986   0.00000   0.00000   0.00000   0.00000   2.10734
APR-28-2011  09:56:00      0.00    0.0000   0.00000   0.00000   0.06986   0.00000   0.00000   0.00000   0.00000   2.10036
APR-28-2011  09:58:00      0.00    0.0000   0.00000   0.00000   0.06986   0.00000   0.00000   0.00000   0.00000   2.09337
APR-28-2011  10:00:00      0.00    0.0000   0.00000   0.00000   0.06986   0.00000   0.00000   0.00000   0.00000   2.08638
APR-28-2011  10:02:00      0.00    0.0000   0.00000   0.00000   0.06986   0.00000   0.00000   0.00000   0.00000   2.07940
APR-28-2011  10:04:00      0.00    0.0000   0.00000   0.00000   0.06986   0.00000   0.00000   0.00000   0.00000   2.07241
APR-28-2011  10:06:00      0.00    0.0000   0.00000   0.00000   0.06986   0.00000   0.00000   0.00000   0.00000   2.06543
APR-28-2011  10:08:00      0.00    0.0000   0.00000   0.00000   0.06986   0.00000   0.00000   0.00000   0.00000   2.05844
APR-28-2011  10:10:00      0.00    0.0000   0.00000   0.00000   0.06986   0.00000   0.00000   0.00000   0.00000   2.05145
APR-28-2011  10:12:00      0.00    0.0000   0.00000   0.00000   0.06986   0.00000   0.00000   0.00000   0.00000   2.04447
APR-28-2011  10:14:00      0.00    0.0000   0.00000   0.00000   0.06986   0.00000   0.00000   0.00000   0.00000   2.03748
APR-28-2011  10:16:00      0.00    0.0000   0.00000   0.00000   0.06986   0.00000   0.00000   0.00000   0.00000   2.03049
APR-28-2011  10:18:00      0.00    0.0000   0.00000   0.00000   0.06986   0.00000   0.00000   0.00000   0.00000   2.02351
APR-28-2011  10:20:00      0.00    0.0000   0.00000   0.00000   0.06986   0.00000   0.00000   0.00000   0.00000   2.01652
APR-28-2011  10:22:00      0.00    0.0000   0.00000   0.00000   0.06986   0.00000   0.00000   0.00000   0.00000   2.00953
APR-28-2011  10:24:00      0.00    0.0000   0.00000   0.00000   0.06986   0.00000   0.00000   0.00000   0.00000   2.00255
APR-28-2011  10:26:00      0.00    0.0000   0.00000   0.00000   0.06986   0.00000   0.00000   0.00000   0.00000   1.99556
APR-28-2011  10:28:00      0.00    0.0000   0.00000   0.00000   0.06986   0.00000   0.00000   0.00000   0.00000   1.98858
APR-28-2011  10:30:00      0.00    0.0000   0.00000   0.00000   0.06986   0.00000   0.00000   0.00000   0.00000   1.98159
APR-28-2011  10:32:00      0.00    0.0000   0.00000   0.00000   0.06986   0.00000   0.00000   0.00000   0.00000   1.97460
APR-28-2011  10:34:00      0.00    0.0000   0.00000   0.00000   0.06986   0.00000   0.00000   0.00000   0.00000   1.96762
APR-28-2011  10:36:00      0.00    0.0000   0.00000   0.00000   0.06986   0.00000   0.00000   0.00000   0.00000   1.96063
APR-28-2011  10:38:00      0.00    0.0000   0.00000   0.00000   0.06986   0.00000   0.00000   0.00000   0.00000   1.95364
APR-28-2011  10:40:00      0.00    0.0000   0.00000   0.00000   0.06986   0.00000   0.00000   0.00000   0.00000   1.94666
APR-28-2011  10:42:00      0.00    0.0000   0.00000   0.00000   0.06986   0.00000   0.00000   0.00000   0.00000   1.93967
APR-28-2011  10:44:00      0.00    0.0000   0.00000   0.00000   0.06986   0.00000   0.00000   0.00000   0.00000   1.93268
APR-28-2011  10:46:00      0.00    0.0000   0.00000   0.00000   0.06986   0.00000   0.00000   0.00000   0.00000   1.92570
APR-28-2011  10:48:00      0.00    0.0000   0.00000   0.00000   0.06986   0.00000   0.00000   0.00000   0.00000   1.91871
APR-28-2011  10:50:00      0.00    0.0000   0.00000   0.00000   0.06986   0.00000   0.00000   0.00000   0.00000   1.91173
APR-28-2011  10:52:00      0.00    0.0000   0.00000   0.00000   0.06986   0.00000   0.00000   0.00000   0.00000   1.90474
APR-28-2011  10:54:00      0.00    0.0000   0.00000   0.00000   0.06986   0.00000   0.00000   0.00000   0.00000   1.89775
APR-28-2011  10:56:00      0.00    0.0000   0.00000   0.00000   0.06986   0.00000   0.00000   0.00000   0.00000   1.89077
APR-28-2011  10:58:00      0.00    0.0000   0.00000   0.00000   0.06986   0.00000   0.00000   0.00000   0.00000   1.88378
APR-28-2011  11:00:00      0.00    0.0000   0.00000   0.00000   0.06986   0.00000   0.00000   0.00000   0.00000   1.87679
APR-28-2011  11:02:00      0.00    0.0000   0.00000   0.00000   0.06986   0.00000   0.00000   0.00000   0.00000   1.86981
APR-28-2011  11:04:00      0.00    0.0000   0.00000   0.00000   0.06986   0.00000   0.00000   0.00000   0.00000   1.86282
APR-28-2011  11:06:00      0.00    0.0000   0.00000   0.00000   0.06986   0.00000   0.00000   0.00000   0.00000   1.85584
APR-28-2011  11:08:00      0.00    0.0000   0.00000   0.00000   0.06986   0.00000   0.00000   0.00000   0.00000   1.84885
APR-28-2011  11:10:00      0.00    0.0000   0.00000   0.00000   0.06986   0.00000   0.00000   0.00000   0.00000   1.84186
APR-28-2011  11:12:00      0.00    0.0000   0.00000   0.00000   0.06986   0.00000   0.00000   0.00000   0.00000   1.83488
APR-28-2011  11:14:00      0.00    0.0000   0.00000   0.00000   0.06986   0.00000   0.00000   0.00000   0.00000   1.82789
APR-28-2011  11:16:00      0.00    0.0000   0.00000   0.00000   0.06986   0.00000   0.00000   0.00000   0.00000   1.82090
APR-28-2011  11:18:00      0.00    0.0000   0.00000   0.00000   0.06986   0.00000   0.00000   0.00000   0.00000   1.81392
APR-28-2011  11:20:00      0.00    0.0000   0.00000   0.00000   0.06986   0.00000   0.00000   0.00000   0.00000   1.80693
APR-28-2011  11:22:00      0.00    0.0000   0.00000   0.00000   0.06986   0.00000   0.00000   0.00000   0.00000   1.79994
APR-28-2011  11:24:00      0.00    0.0000   0.00000   0.00000   0.06986   0.00000   0.00000   0.00000   0.00000   1.79296
APR-28-2011  11:26:00      0.00    0.0000   0.00000   0.00000   0.06986   0.00000   0.00000   0.00000   0.00000   1.78597
APR-28-2011  11:28:00      0.00    0.0000   0.00000   0.00000   0.06986   0.00000   0.00000   0.00000   0.00000   1.77899
APR-28-2011  11:30:00      0.00    0.0000   0.00000   0.00000   0.06986   0.00000   0.00000   0.00000   0.00000   1.77200
APR-28-2011  11:32:00      0.00    0.0000   0.00000   0.00000   0.06986   0.00000   0.00000   0.00000   0.00000   1.76501
APR-28-2011  11:34:00      0.00    0.0000   0.00000   0.00000   0.06986   0.00000   0.00000   0.00000   0.00000   1.75803
APR-28-2011  11:36:00      0.00    0.0000   0.00000   0.00000   0.06986   0.00000   0.00000   0.00000   0.00000   1.75104
APR-28-2011  11:38:00      0.00    0.0000   0.00000   0.00000   0.06986   0.00000   0.00000   0.00000   0.00000   1.74405
APR-28-2011  11:40:00      0.00    0.0000   0.00000   0.00000   0.06986   0.00000   0.00000   0.00000   0.00000   1.73707
APR-28-2011  11:42:00      0.00    0.0000   0.00000   0.00000   0.06986   0.00000   0.00000   0.00000   0.00000   1.73008
APR-28-2011  11:44:00      0.00    0.0000   0.00000   0.00000   0.06986   0.00000   0.00000   0.00000   0.00000   1.72309
APR-28-2011  11:46:00      0.00    0.0000   0.00000   0.00000   0.06986   0.00000   0.00000   0.00000   0.00000   1.71611
APR-28-2011  11:48:00      0.00    0.0000   0.00000   0.00000   0.06986   0.00000   0.00000   0.00000   0.00000   1.70912
APR-28-2011  11:50:00      0.00    0.0000   0.00000   0.00000   0.06986   0.00000   0.00000   0.00000   0.00000   1.70214
APR-28-2011  11:52:00      0.00    0.0000   0.00000   0.00000   0.06986   0.00000   0.00000   0.00000   0.00000   1.69515
APR-28-2011  11:54:00      0.00    0.0000   0.00000   0.00000   0.06986   0.00000   0.00000   0.00000   0.00000   1.68816
APR-28-2011  11:56:00      0.00    0.0000   0.00000   0.00000   0.06986   0.00000   0.00000   0.00000   0.00000   1.68118
APR-28-2011  11:58:00      0.00    0.0000   0.00000   0.00000   0.06986   0.00000   0.00000   0.00000   0.00000   1.67419
APR-28-2011  12:00:00      0.00    0.0000   0.00000   0.00000   0.06986   0.00000   0.00000   0.00000   0.00000   1.66720
APR-28-2011  12:02:00      0.00    0.0000   0.00000   0.00000   0.06986   0.00000   0.00000   0.00000   0.00000   1.66022
APR-28-2011  12:04:00      0.00    0.0000   0.00000   0.00000   0.06986   0.00000   0.00000   0.00000   0.00000   1.65323
APR-28-2011  12:06:00      0.00    0.0000   0.00000   0.00000   0.06986   0.00000   0.00000   0.00000   0.00000   1.64625
APR-28-2011  12:08:00      0.00    0.0000   0.00000   0.00000   0.06986   0.00000   0.00000   0.00000   0.00000   1.63926
APR-28-2011  12:10:00      0.00    0.0000   0.00000   0.00000   0.06986   0.00000   0.00000   0.00000   0.00000   1.63227
APR-28-2011  12:12:00      0.00    0.0000   0.00000   0.00000   0.06986   0.00000   0.00000   0.00000   0.00000   1.62529
APR-28-2011  12:14:00      0.00    0.0000   0.00000   0.00000   0.06986   0.00000   0.00000   0.00000   0.00000   1.61830
APR-28-2011  12:16:00      0.00    0.0000   0.00000   0.00000   0.06986   0.00000   0.00000   0.00000   0.00000   1.61131
APR-28-2011  12:18:00      0.00    0.0000   0.00000   0.00000   0.06986   0.00000   0.00000   0.00000   0.00000   1.60433
APR-28-2011  12:20:00      0.00    0.0000   0.00000   0.00000   0.06986   0.00000   0.00000   0.00000   0.00000   1.59734
APR-28-2011  12:22:00      0.00    0.0000   0.00000   0.00000   0.06986   0.00000   0.00000   0.00000   0.00000   1.59035
APR-28-2011  12:24:00      0.00    0.0000   0.00000   0.00000   0.06986   0.00000   0.00000   0.00000   0.00000   1.58337
APR-28-2011  12:26:00      0.00    0.0000   0.00000   0.00000   0.06986   0.00000   0.00000   0.00000   0.00000   1.57638
APR-28-2011  12:28:00      0.00    0.0000   0.00000   0.00000   0.06986   0.00000   0.00000   0.00000   0.00000   1.56940
APR-28-2011  12:30:00      0.00    0.0000   0.00000   0.00000   0.06986   0.00000   0.00000   0.00000   0.00000   1.56241
APR-28-2011  12:32:00      0.00    0.0000   0.00000   0.00000   0.06986   0.00000   0.00000   0.00000   0.00000   1.55542
APR-28-2011  12:34:00      0.00    0.0000   0.00000   0.00000   0.06986   0.00000   0.00000   0.00000   0.00000   1.54844
APR-28-2011  12:36:00      0.00    0.0000   0.00000   0.00000   0.06986   0.00000   0.00000   0.00000   0.00000   1.54145
APR-28-2011  12:38:00      0.00    0.0000   0.00000   0.00000   0.06986   0.00000   0.00000   0.00000   0.00000   1.53446
APR-28-2011  12:40:00      0.00    0.0000   0.00000   0.00000   0.06986   0.00000   0.00000   0.00000   0.00000   1.52748
APR-28-2011  12:42:00      0.00    0.0000   0.00000   0.00000   0.06986   0.00000   0.00000   0.00000   0.00000   1.52049
APR-28-2011  12:44:00      0.00    0.0000   0.00000   0.00000   0.06986   0.00000   0.00000   0.00000   0.00000   1.51350
APR-28-2011  12:46:00      0.00    0.0000   0.00000   0.00000   0.06986   0.00000   0.00000   0.00000   0.00000   1.50652
APR-28-2011  12:48:00      0.00    0.0000   0.00000   0.00000   0.06986   0.00000   0.00000   0.00000   0.00000   1.49953
APR-28-2011  12:50:00      0.00    0.0000   0.00000   0.00000   0.06986   0.00000   0.00000   0.00000   0.00000   1.49255
APR-28-2011  12:52:00      0.00    0.0000   0.00000   0.00000   0.06986   0.00000   0.00000   0.00000   0.00000   1.48556
APR-28-2011  12:54:00      0.00    0.0000   0.00000   0.00000   0.06986   0.00000   0.00000   0.00000   0.00000   1.47857
APR-28-2011  12:56:00      0.00    0.0000   0.00000   0.00000   0.06986   0.00000   0.00000   0.00000   0.00000   1.47159
APR-28-2011  12:58:00      0.00    0.0000   0.00000   0.00000   0.06986   0.00000   0.00000   0.00000   0.00000   1.46460
APR-28-2011  13:00:00      0.00    0.0000   0.00000   0.00000   0.06986   0.00000   0.00000   0.00000   0.00000   1.45761
APR-28-2011  13:02:00      0.00    0.0000   0.00000   0.00000   0.06986   0.00000   0.00000   0.00000   0.00000   1.45063
APR-28-2011  13:04:00      0.00    0.0000   0.00000   0.00000   0.06986   0.00000   0.00000   0.00000   0.00000   1.44364
APR-28-2011  13:06:00      0.00    0.0000   0.00000   0.00000   0.06986   0.00000   0.00000   0.00000   0.00000   1.43666
APR-28-2011  13:08:00      0.00    0.0000   0.00000   0.00000   0.06986   0.00000   0.00000   0.00000   0.00000   1.42967
APR-28-2011  13:10:00      0.00    0.0000   0.00000   0.00000   0.06986   0.00000   0.00000   0.00000   0.00000   1.42268
APR-28-2011  13:12:00      0.00    0.0000   0.00000   0.00000   0.06986   0.00000   0.00000   0.00000   0.00000   1.41570
APR-28-2011  13:14:00      0.00    0.0000   0.00000   0.00000   0.06986   0.00000   0.00000   0.00000   0.00000   1.40871
APR-28-2011  13:16:00      0.00    0.0000   0.00000   0.00000   0.06986   0.00000   0.00000   0.00000   0.00000   1.40172
APR-28-2011  13:18:00      0.00    0.0000   0.00000   0.00000   0.06986   0.00000   0.00000   0.00000   0.00000   1.39474
APR-28-2011  13:20:00      0.00    0.0000   0.00000   0.00000   0.06986   0.00000   0.00000   0.00000   0.00000   1.38775
APR-28-2011  13:22:00      0.00    0.0000   0.00000   0.00000   0.06986   0.00000   0.00000   0.00000   0.00000   1.38076
APR-28-2011  13:24:00      0.00    0.0000   0.00000   0.00000   0.06986   0.00000   0.00000   0.00000   0.00000   1.37378
APR-28-2011  13:26:00      0.00    0.0000   0.00000   0.00000   0.06986   0.00000   0.00000   0.00000   0.00000   1.36679
APR-28-2011  13:28:00      0.00    0.0000   0.00000   0.00000   0.06986   0.00000   0.00000   0.00000   0.00000   1.35981
APR-28-2011  13:30:00      0.00    0.0000   0.00000   0.00000   0.06986   0.00000   0.00000   0.00000   0.00000   1.35282
APR-28-2011  13:32:00      0.00    0.0000   0.00000   0.00000   0.06986   0.00000   0.00000   0.00000   0.00000   1.34583
APR-28-2011  13:34:00      0.00    0.0000   0.00000   0.00000   0.06986   0.00000   0.00000   0.00000   0.00000   1.33885
APR-28-2011  13:36:00      0.00    0.0000   0.00000   0.00000   0.06986   0.00000   0.00000   0.00000   0.00000   1.33186
APR-28-2011  13:38:00      0.00    0.0000   0.00000   0.00000   0.06986   0.00000   0.00000   0.00000   0.00000   1.32487
APR-28-2011  13:40:00      0.00    0.0000   0.00000   0.00000   0.06986   0.00000   0.00000   0.00000   0.00000   1.31789
APR-28-2011  13:42:00      0.00    0.0000   0.00000   0.00000   0.06986   0.00000   0.00000   0.00000   0.00000   1.31090
APR-28-2011  13:44:00      0.00    0.0000   0.00000   0.00000   0.06986   0.00000   0.00000   0.00000   0.00000   1.30391
APR-28-2011  13:46:00      0.00    0.0000   0.00000   0.00000   0.06986   0.00000   0.00000   0.00000   0.00000   1.29693
APR-28-2011  13:48:00      0.00    0.0000   0.00000   0.00000   0.06986   0.00000   0.00000   0.00000   0.00000   1.28994
APR-28-2011  13:50:00      0.00    0.0000   0.00000   0.00000   0.06986   0.00000   0.00000   0.00000   0.00000   1.28296
APR-28-2011  13:52:00      0.00    0.0000   0.00000   0.00000   0.06986   0.00000   0.00000   0.00000   0.00000   1.27597
APR-28-2011  13:54:00      0.00    0.0000   0.00000   0.00000   0.06986   0.00000   0.00000   0.00000   0.00000   1.26898
APR-28-2011  13:56:00      0.00    0.0000   0.00000   0.00000   0.06986   0.00000   0.00000   0.00000   0.00000   1.26200
APR-28-2011  13:58:00      0.00    0.0000   0.00000   0.00000   0.06986   0.00000   0.00000   0.00000   0.00000   1.25501
APR-28-2011  14:00:00      0.00    0.0000   0.00000   0.00000   0.06986   0.00000   0.00000   0.00000   0.00000   1.24802
APR-28-2011  14:02:00      0.00    0.0000   0.00000   0.00000   0.06986   0.00000   0.00000   0.00000   0.00000   1.24104
APR-28-2011  14:04:00      0.00    0.0000   0.00000   0.00000   0.06986   0.00000   0.00000   0.00000   0.00000   1.23405
APR-28-2011  14:06:00      0.00    0.0000   0.00000   0.00000   0.06986   0.00000   0.00000   0.00000   0.00000   1.22707
APR-28-2011  14:08:00      0.00    0.0000   0.00000   0.00000   0.06986   0.00000   0.00000   0.00000   0.00000   1.22008
APR-28-2011  14:10:00      0.00    0.0000   0.00000   0.00000   0.06986   0.00000   0.00000   0.00000   0.00000   1.21309
APR-28-2011  14:12:00      0.00    0.0000   0.00000   0.00000   0.06986   0.00000   0.00000   0.00000   0.00000   1.20611
APR-28-2011  14:14:00      0.00    0.0000   0.00000   0.00000   0.06986   0.00000   0.00000   0.00000   0.00000   1.19912
APR-28-2011  14:16:00      0.00    0.0000   0.00000   0.00000   0.06986   0.00000   0.00000   0.00000   0.00000   1.19213
APR-28-2011  14:18:00      0.00    0.0000   0.00000   0.00000   0.06986   0.00000   0.00000   0.00000   0.00000   1.18515
APR-28-2011  14:20:00      0.00    0.0000   0.00000   0.00000   0.06986   0.00000   0.00000   0.00000   0.00000   1.17816
APR-28-2011  14:22:00      0.00    0.0000   0.00000   0.00000   0.06986   0.00000   0.00000   0.00000   0.00000   1.17117
APR-28-2011  14:24:00      0.00    0.0000   0.00000   0.00000   0.06986   0.00000   0.00000   0.00000   0.00000   1.16419
APR-28-2011  14:26:00      0.00    0.0000   0.00000   0.00000   0.06986   0.00000   0.00000   0.00000   0.00000   1.15720
APR-28-2011  14:28:00      0.00    0.0000   0.00000   0.00000   0.06986   0.00000   0.00000   0.00000   0.00000   1.15022
APR-28-2011  14:30:00      0.00    0.0000   0.00000   0.00000   0.06986   0.00000   0.00000   0.00000   0.00000   1.14323
APR-28-2011  14:32:00      0.00    0.0000   0.00000   0.00000   0.06986   0.00000   0.00000   0.00000   0.00000   1.13624
APR-28-2011  14:34:00      0.00    0.0000   0.00000   0.00000   0.06986   0.00000   0.00000   0.00000   0.00000   1.12926
APR-28-2011  14:36:00      0.00    0.0000   0.00000   0.00000   0.06986   0.00000   0.00000   0.00000   0.00000   1.12227
APR-28-2011  14:38:00      0.00    0.0000   0.00000   0.00000   0.06986   0.00000   0.00000   0.00000   0.00000   1.11528
APR-28-2011  14:40:00      0.00    0.0000   0.00000   0.00000   0.06986   0.00000   0.00000   0.00000   0.00000   1.10830
APR-28-2011  14:42:00      0.00    0.0000   0.00000   0.00000   0.06986   0.00000   0.00000   0.00000   0.00000   1.10131
APR-28-2011  14:44:00      0.00    0.0000   0.00000   0.00000   0.06986   0.00000   0.00000   0.00000   0.00000   1.09432
APR-28-2011  14:46:00      0.00    0.0000   0.00000   0.00000   0.06986   0.00000   0.00000   0.00000   0.00000   1.08734
APR-28-2011  14:48:00      0.00    0.0000   0.00000   0.00000   0.06986   0.00000   0.00000   0.00000   0.00000   1.08035
APR-28-2011  14:50:00      0.00    0.0000   0.00000   0.00000   0.06986   0.00000   0.00000   0.00000   0.00000   1.07337
APR-28-2011  14:52:00      0.00    0.0000   0.00000   0.00000   0.06986   0.00000   0.00000   0.00000   0.00000   1.06638
APR-28-2011  14:54:00      0.00    0.0000   0.00000   0.00000   0.06986   0.00000   0.00000   0.00000   0.00000   1.05939
APR-28-2011  14:56:00      0.00    0.0000   0.00000   0.00000   0.06986   0.00000   0.00000   0.00000   0.00000   1.05241
APR-28-2011  14:58:00      0.00    0.0000   0.00000   0.00000   0.06986   0.00000   0.00000   0.00000   0.00000   1.04542
APR-28-2011  15:00:00      0.00    0.0000   0.00000   0.00000   0.06986   0.00000   0.00000   0.00000   0.00000   1.03843
APR-28-2011  15:02:00      0.00    0.0000   0.00000   0.00000   0.06986   0.00000   0.00000   0.00000   0.00000   1.03145
APR-28-2011  15:04:00      0.00    0.0000   0.00000   0.00000   0.06986   0.00000   0.00000   0.00000   0.00000   1.02446
APR-28-2011  15:06:00      0.00    0.0000   0.00000   0.00000   0.06986   0.00000   0.00000   0.00000   0.00000   1.01748
APR-28-2011  15:08:00      0.00    0.0000   0.00000   0.00000   0.06986   0.00000   0.00000   0.00000   0.00000   1.01049
APR-28-2011  15:10:00      0.00    0.0000   0.00000   0.00000   0.06986   0.00000   0.00000   0.00000   0.00000   1.00350
APR-28-2011  15:12:00      0.00    0.0000   0.00000   0.00000   0.06986   0.00000   0.00000   0.00000   0.00000   0.99652
APR-28-2011  15:14:00      0.00    0.0000   0.00000   0.00000   0.06986   0.00000   0.00000   0.00000   0.00000   0.98953
APR-28-2011  15:16:00      0.00    0.0000   0.00000   0.00000   0.06986   0.00000   0.00000   0.00000   0.00000   0.98254
APR-28-2011  15:18:00      0.00    0.0000   0.00000   0.00000   0.06986   0.00000   0.00000   0.00000   0.00000   0.97556
APR-28-2011  15:20:00      0.00    0.0000   0.00000   0.00000   0.06986   0.00000   0.00000   0.00000   0.00000   0.96857
APR-28-2011  15:22:00      0.00    0.0000   0.00000   0.00000   0.06986   0.00000   0.00000   0.00000   0.00000   0.96158
APR-28-2011  15:24:00      0.00    0.0000   0.00000   0.00000   0.06986   0.00000   0.00000   0.00000   0.00000   0.95460
APR-28-2011  15:26:00      0.00    0.0000   0.00000   0.00000   0.06986   0.00000   0.00000   0.00000   0.00000   0.94761
APR-28-2011  15:28:00      0.00    0.0000   0.00000   0.00000   0.06986   0.00000   0.00000   0.00000   0.00000   0.94063
APR-28-2011  15:30:00      0.00    0.0000   0.00000   0.00000   0.06986   0.00000   0.00000   0.00000   0.00000   0.93364
APR-28-2011  15:32:00      0.00    0.0000   0.00000   0.00000   0.06986   0.00000   0.00000   0.00000   0.00000   0.92665
APR-28-2011  15:34:00      0.00    0.0000   0.00000   0.00000   0.06986   0.00000   0.00000   0.00000   0.00000   0.91967
APR-28-2011  15:36:00      0.00    0.0000   0.00000   0.00000   0.06986   0.00000   0.00000   0.00000   0.00000   0.91268
APR-28-2011  15:38:00      0.00    0.0000   0.00000   0.00000   0.06986   0.00000   0.00000   0.00000   0.00000   0.90569
APR-28-2011  15:40:00      0.00    0.0000   0.00000   0.00000   0.06986   0.00000   0.00000   0.00000   0.00000   0.89871
APR-28-2011  15:42:00      0.00    0.0000   0.00000   0.00000   0.06986   0.00000   0.00000   0.00000   0.00000   0.89172
APR-28-2011  15:44:00      0.00    0.0000   0.00000   0.00000   0.06986   0.00000   0.00000   0.00000   0.00000   0.88473
APR-28-2011  15:46:00      0.00    0.0000   0.00000   0.00000   0.06986   0.00000   0.00000   0.00000   0.00000   0.87775
APR-28-2011  15:48:00      0.00    0.0000   0.00000   0.00000   0.06986   0.00000   0.00000   0.00000   0.00000   0.87076
APR-28-2011  15:50:00      0.00    0.0000   0.00000   0.00000   0.06986   0.00000   0.00000   0.00000   0.00000   0.86378
APR-28-2011  15:52:00      0.00    0.0000   0.00000   0.00000   0.06986   0.00000   0.00000   0.00000   0.00000   0.85679
APR-28-2011  15:54:00      0.00    0.0000   0.00000   0.00000   0.06986   0.00000   0.00000   0.00000   0.00000   0.84980
APR-28-2011  15:56:00      0.00    0.0000   0.00000   0.00000   0.06986   0.00000   0.00000   0.00000   0.00000   0.84282
APR-28-2011  15:58:00      0.00    0.0000   0.00000   0.00000   0.06986   0.00000   0.00000   0.00000   0.00000   0.83583