SWMM5 LID Report File

Project:  
LID Unit: Swale in Subcatchment LID

Elapsed	    Total	    Total	  Surface	     Soil	   Bottom	  Surface	    Drain	  Surface	    Soil/	  Storage
   Time	   Inflow	     Evap	    Infil	     Perc	    Infil	   Runoff	  Outflow	    Depth	    Pave 	    Depth
  Hours	    mm/hr	    mm/hr	    mm/hr	    mm/hr	    mm/hr	    mm/hr	    mm/hr	       mm	    Moist	       mm
-------	 --------	 --------	 --------	 --------	 --------	 --------	 --------	 --------	 --------	 --------
JAN-11-2006  14:26:00      0.00    0.0000   0.00000   0.00000   0.00000   0.00000   0.00000   0.00000   0.00000   0.00000
JAN-11-2006  14:28:00      0.00    0.0000   0.00000   0.00000   0.00000   0.00000   0.00000   0.00000   0.00000   0.00000
JAN-11-2006  14:30:00      0.00    0.0000   0.00000   0.00000   0.00000   0.00000   0.00000   0.00000   0.00000   0.00000
JAN-11-2006  14:32:00      0.00    0.0000   0.00000   0.00000   0.00000   0.00000   0.00000   0.00000   0.00000   0.00000
JAN-11-2006  14:34:00      0.00    0.0000   0.00000   0.00000   0.00000   0.00000   0.00000   0.00000   0.00000   0.00000
JAN-11-2006  14:36:00      0.00    0.0000   0.00000   0.00000   0.00000   0.00000   0.00000   0.00000   0.00000   0.00000
JAN-11-2006  14:38:00      0.00    0.0000   0.00000   0.00000   0.00000   0.00000   0.00000   0.00000   0.00000   0.00000
JAN-11-2006  14:40:00      0.00    0.0000   0.00000   0.00000   0.00000   0.00000   0.00000   0.00000   0.00000   0.00000
JAN-11-2006  14:42:00      0.00    0.0000   0.00000   0.00000   0.00000   0.00000   0.00000   0.00000   0.00000   0.00000
JAN-11-2006  14:44:00      0.00    0.0000   0.00000   0.00000   0.00000   0.00000   0.00000   0.00000   0.00000   0.00000
JAN-11-2006  14:46:00      0.00    0.0000   0.00000   0.00000   0.00000   0.00000   0.00000   0.00000   0.00000   0.00000
JAN-11-2006  14:48:00      0.00    0.0000   0.00000   0.00000   0.00000   0.00000   0.00000   0.00000   0.00000   0.00000
JAN-11-2006  14:50:00      0.00    0.0000   0.00000   0.00000   0.00000   0.00000   0.00000   0.00000   0.00000   0.00000
JAN-11-2006  14:52:00      0.00    0.0000   0.00000   0.00000   0.00000   0.00000   0.00000   0.00000   0.00000   0.00000
JAN-11-2006  14:54:00      0.00    0.0000   0.00000   0.00000   0.00000   0.00000   0.00000   0.00000   0.00000   0.00000
JAN-11-2006  14:56:00      0.00    0.0000   0.00000   0.00000   0.00000   0.00000   0.00000   0.00000   0.00000   0.00000
JAN-11-2006  14:58:00      0.00    0.0000   0.00000   0.00000   0.00000   0.00000   0.00000   0.00000   0.00000   0.00000
JAN-11-2006  15:00:00      0.00    0.0000   0.00000   0.00000   0.00000   0.00000   0.00000   0.00000   0.00000   0.00000
JAN-11-2006  15:02:00      0.00    0.0000   0.00000   0.00000   0.00000   0.00000   0.00000   0.00000   0.00000   0.00000
JAN-11-2006  15:04:00      0.00    0.0000   0.00000   0.00000   0.00000   0.00000   0.00000   0.00000   0.00000   0.00000
JAN-11-2006  15:06:00      0.00    0.0000   0.00000   0.00000   0.00000   0.00000   0.00000   0.00000   0.00000   0.00000
JAN-11-2006  15:08:00      0.00    0.0000   0.00000   0.00000   0.00000   0.00000   0.00000   0.00000   0.00000   0.00000
JAN-11-2006  15:10:00      0.00    0.0000   0.00000   0.00000   0.00000   0.00000   0.00000   0.00000   0.00000   0.00000
JAN-11-2006  15:12:00      0.00    0.0000   0.00000   0.00000   0.00000   0.00000   0.00000   0.00000   0.00000   0.00000
JAN-11-2006  15:14:00      0.00    0.0000   0.00000   0.00000   0.00000   0.00000   0.00000   0.00000   0.00000   0.00000
JAN-11-2006  15:16:00      0.00    0.0000   0.00000   0.00000   0.00000   0.00000   0.00000   0.00000   0.00000   0.00000
JAN-11-2006  15:18:00      0.00    0.0000   0.00000   0.00000   0.00000   0.00000   0.00000   0.00000   0.00000   0.00000
JAN-11-2006  15:20:00      0.00    0.0000   0.00000   0.00000   0.00000   0.00000   0.00000   0.00000   0.00000   0.00000
JAN-11-2006  15:22:00      0.00    0.0000   0.00000   0.00000   0.00000   0.00000   0.00000   0.00000   0.00000   0.00000
JAN-11-2006  15:24:00      0.00    0.0000   0.00000   0.00000   0.00000   0.00000   0.00000   0.00000   0.00000   0.00000
JAN-11-2006  15:26:00      0.00    0.0000   0.00000   0.00000   0.00000   0.00000   0.00000   0.00000   0.00000   0.00000
JAN-11-2006  15:28:00      0.00    0.0000   0.00000   0.00000   0.00000   0.00000   0.00000   0.00000   0.00000   0.00000
JAN-11-2006  15:30:00      0.00    0.0000   0.00000   0.00000   0.00000   0.00000   0.00000   0.00000   0.00000   0.00000
JAN-11-2006  15:32:00      0.00    0.0000   0.00000   0.00000   0.00000   0.00000   0.00000   0.00000   0.00000   0.00000
JAN-11-2006  15:34:00      0.00    0.0000   0.00000   0.00000   0.00000   0.00000   0.00000   0.00000   0.00000   0.00000
JAN-11-2006  15:36:00      0.00    0.0000   0.00000   0.00000   0.00000   0.00000   0.00000   0.00000   0.00000   0.00000
JAN-11-2006  15:38:00      0.00    0.0000   0.00000   0.00000   0.00000   0.00000   0.00000   0.00000   0.00000   0.00000
JAN-11-2006  15:40:00      0.00    0.0000   0.00000   0.00000   0.00000   0.00000   0.00000   0.00000   0.00000   0.00000
JAN-11-2006  15:42:00      0.00    0.0000   0.00000   0.00000   0.00000   0.00000   0.00000   0.00000   0.00000   0.00000
JAN-11-2006  15:44:00      0.00    0.0000   0.00000   0.00000   0.00000   0.00000   0.00000   0.00000   0.00000   0.00000
JAN-11-2006  15:46:00      0.00    0.0000   0.00000   0.00000   0.00000   0.00000   0.00000   0.00000   0.00000   0.00000
JAN-11-2006  15:48:00      1.92    0.0000   9.84810   0.00000   1.05908   0.00014   0.00000   0.33090   0.00000   0.00000
JAN-11-2006  15:50:00      1.96    0.0000  23.90640   0.00000   2.57324   0.00078   0.00000   0.28658   0.00000   0.00000
JAN-11-2006  15:52:00      2.03    0.0000  16.02976   0.00000   1.72454   0.00037   0.00000   0.25098   0.00000   0.00000
JAN-11-2006  15:54:00      2.10    0.0000  19.59032   0.00000   2.10807   0.00053   0.00000   0.30827   0.00000   0.00000
JAN-11-2006  15:56:00      2.19    0.0000  20.32695   0.00000   2.18742   0.00057   0.00000   0.29685   0.00000   0.00000
JAN-11-2006  15:58:00      2.27    0.0000  20.48017   0.00000   2.20392   0.00057   0.00000   0.31507   0.00000   0.00000
JAN-11-2006  16:00:00      2.38    0.0000  21.81422   0.00000   2.34767   0.00064   0.00000   0.32963   0.00000   0.00000
JAN-11-2006  16:02:00      2.46    0.0000  20.39542   0.00000   2.19509   0.00068   0.00000   0.36328   0.00000   0.00000
JAN-11-2006  16:04:00      2.54    0.0000  18.32841   0.00000   1.97323   0.00097   0.00000   0.49497   0.00000   0.00000
JAN-11-2006  16:06:00      8.34    0.0000  16.84024   0.00000   1.81423   0.00175   0.00000   1.15303   0.00000   0.00000
JAN-11-2006  16:08:00      8.96    0.0000  15.76410   0.00000   1.71570   0.03008   0.00000   3.26596   0.00000   0.00000
JAN-11-2006  16:10:00      9.60    0.0000  14.93212   0.00000   1.63934   0.07327   0.00000   5.56899   0.00000   0.00000
JAN-11-2006  16:12:00     10.21    0.0000  14.43743   0.00000   1.59978   0.13539   0.00000   8.04416   0.00000   0.00000
JAN-11-2006  16:14:00     10.75    0.0000  13.84427   0.00000   1.54899   0.21674   0.00000  10.65978   0.00000   0.00000
JAN-11-2006  16:16:00      7.41    0.0000  13.34657   0.00000   1.50677   0.30616   0.00000  13.10726   0.00000   0.00000
JAN-11-2006  16:18:00      7.24    0.0000  12.89282   0.00000   1.45988   0.33875   0.00000  14.73770   0.00000   0.00000
JAN-11-2006  16:20:00     18.53    0.0000  12.48734   0.00000   1.43053   0.47980   0.00000  17.13196   0.00000   0.00000
JAN-11-2006  16:22:00      8.75    0.0000  12.20634   0.00000   1.41940   0.69207   0.00000  21.31713   0.00000   0.00000
JAN-11-2006  16:24:00      8.25    0.0000  11.91461   0.00000   1.39001   0.74311   0.00000  23.14464   0.00000   0.00000
JAN-11-2006  16:26:00      7.88    0.0000  11.62754   0.00000   1.36491   0.84396   0.00000  24.82146   0.00000   0.00000
JAN-11-2006  16:28:00      7.60    0.0000  11.36481   0.00000   1.34162   0.94146   0.00000  26.37513   0.00000   0.00000
JAN-11-2006  16:30:00      7.38    0.0000  11.12342   0.00000   1.32002   1.03621   0.00000  27.82958   0.00000   0.00000
JAN-11-2006  16:32:00      7.21    0.0000  10.90082   0.00000   1.29995   1.12868   0.00000  29.20237   0.00000   0.00000
JAN-11-2006  16:34:00      7.08    0.0000  10.69480   0.00000   1.28128   1.21926   0.00000  30.50659   0.00000   0.00000
JAN-11-2006  16:36:00      6.97    0.0000  10.50349   0.00000   1.26387   1.30822   0.00000  31.75219   0.00000   0.00000
JAN-11-2006  16:38:00      6.89    0.0000  10.32527   0.00000   1.24762   1.39581   0.00000  32.94681   0.00000   0.00000
JAN-11-2006  16:40:00      6.82    0.0000  10.15874   0.00000   1.23241   1.48216   0.00000  34.09642   0.00000   0.00000
JAN-11-2006  16:42:00     10.58    0.0000  10.00270   0.00000   1.21814   1.56742   0.00000  35.46641   0.00000   0.00000
JAN-11-2006  16:44:00      7.26    0.0000   9.87345   0.00000   1.21006   1.71388   0.00000  37.36978   0.00000   0.00000
JAN-11-2006  16:46:00      7.12    0.0000   9.74234   0.00000   1.19966   1.82743   0.00000  38.51175   0.00000   0.00000
JAN-11-2006  16:48:00     10.82    0.0000   9.61289   0.00000   1.18812   1.91867   0.00000  39.84790   0.00000   0.00000
JAN-11-2006  16:50:00      7.47    0.0000   9.50588   0.00000   1.18207   2.07347   0.00000  41.69433   0.00000   0.00000
JAN-11-2006  16:52:00      7.28    0.0000   9.39541   0.00000   1.17359   2.19139   0.00000  42.77804   0.00000   0.00000
JAN-11-2006  16:54:00      7.13    0.0000   9.28491   0.00000   1.16379   2.28406   0.00000  43.78898   0.00000   0.00000
JAN-11-2006  16:56:00      7.01    0.0000   9.17905   0.00000   1.15423   2.37244   0.00000  44.74030   0.00000   0.00000
JAN-11-2006  16:58:00      5.65    0.0000   9.07761   0.00000   1.14494   2.45716   0.00000  45.55693   0.00000   0.00000
JAN-11-2006  17:00:00      5.40    0.0000   8.97560   0.00000   1.13437   2.51472   0.00000  46.05765   0.00000   0.00000
JAN-11-2006  17:02:00      5.21    0.0000   8.87568   0.00000   1.12344   2.55811   0.00000  46.48957   0.00000   0.00000
JAN-11-2006  17:04:00      4.04    0.0000   8.77938   0.00000   1.11271   2.59609   0.00000  46.80021   0.00000   0.00000
JAN-11-2006  17:06:00      3.78    0.0000   8.68301   0.00000   1.10103   2.61023   0.00000  46.85110   0.00000   0.00000
JAN-11-2006  17:08:00      3.58    0.0000   8.58867   0.00000   1.08914   2.61211   0.00000  46.84416   0.00000   0.00000
JAN-11-2006  17:10:00      3.42    0.0000   8.49755   0.00000   1.07748   2.60923   0.00000  46.79317   0.00000   0.00000
JAN-11-2006  17:12:00      3.29    0.0000   8.40959   0.00000   1.06609   2.60270   0.00000  46.70826   0.00000   0.00000
JAN-11-2006  17:14:00      3.18    0.0000   8.32473   0.00000   1.05499   2.59336   0.00000  46.59726   0.00000   0.00000
JAN-11-2006  17:16:00      1.49    0.0000   8.24124   0.00000   1.04366   2.57247   0.00000  46.16130   0.00000   0.00000
JAN-11-2006  17:18:00      1.27    0.0000   8.15560   0.00000   1.03094   2.52021   0.00000  45.58056   0.00000   0.00000
JAN-11-2006  17:20:00      1.10    0.0000   8.07254   0.00000   1.01844   2.46454   0.00000  44.96495   0.00000   0.00000
JAN-11-2006  17:22:00      0.96    0.0000   7.99206   0.00000   1.00621   2.40671   0.00000  44.32452   0.00000   0.00000
JAN-11-2006  17:24:00      0.84    0.0000   7.91415   0.00000   0.99428   2.34758   0.00000  43.66697   0.00000   0.00000
JAN-11-2006  17:26:00      0.74    0.0000   7.83874   0.00000   0.98266   2.28783   0.00000  42.99819   0.00000   0.00000
JAN-11-2006  17:28:00      0.66    0.0000   7.76578   0.00000   0.97136   2.22794   0.00000  42.32276   0.00000   0.00000
JAN-11-2006  17:30:00      0.59    0.0000   7.69518   0.00000   0.96038   2.16831   0.00000  41.64426   0.00000   0.00000
JAN-11-2006  17:32:00      0.53    0.0000   7.62685   0.00000   0.94972   2.10923   0.00000  40.96552   0.00000   0.00000
JAN-11-2006  17:34:00      0.47    0.0000   7.56071   0.00000   0.93937   2.05092   0.00000  40.28874   0.00000   0.00000
JAN-11-2006  17:36:00      0.43    0.0000   7.49667   0.00000   0.92932   1.99354   0.00000  39.61569   0.00000   0.00000
JAN-11-2006  17:38:00      0.39    0.0000   7.43464   0.00000   0.91958   1.93721   0.00000  38.94775   0.00000   0.00000
JAN-11-2006  17:40:00      0.35    0.0000   7.37454   0.00000   0.91012   1.88204   0.00000  38.28601   0.00000   0.00000
JAN-11-2006  17:42:00      0.32    0.0000   7.31629   0.00000   0.90095   1.82808   0.00000  37.63133   0.00000   0.00000
JAN-11-2006  17:44:00      0.30    0.0000   7.25981   0.00000   0.89204   1.77537   0.00000  36.98438   0.00000   0.00000
JAN-11-2006  17:46:00      0.27    0.0000   7.20502   0.00000   0.88340   1.72395   0.00000  36.34568   0.00000   0.00000
JAN-11-2006  17:48:00      0.25    0.0000   7.15185   0.00000   0.87501   1.67382   0.00000  35.71562   0.00000   0.00000
JAN-11-2006  17:50:00      0.23    0.0000   7.10024   0.00000   0.86686   1.62500   0.00000  35.09449   0.00000   0.00000
JAN-11-2006  17:52:00      0.22    0.0000   7.05011   0.00000   0.85895   1.57748   0.00000  34.48249   0.00000   0.00000
JAN-11-2006  17:54:00      0.20    0.0000   7.00140   0.00000   0.85126   1.53124   0.00000  33.87977   0.00000   0.00000
JAN-11-2006  17:56:00      0.19    0.0000   6.95406   0.00000   0.84379   1.48627   0.00000  33.28640   0.00000   0.00000
JAN-11-2006  17:58:00      0.17    0.0000   6.90802   0.00000   0.83653   1.44255   0.00000  32.70241   0.00000   0.00000
JAN-11-2006  18:00:00      0.16    0.0000   6.86324   0.00000   0.82946   1.40007   0.00000  32.12781   0.00000   0.00000
JAN-11-2006  18:02:00      0.15    0.0000   6.81965   0.00000   0.82259   1.35878   0.00000  31.56256   0.00000   0.00000
JAN-11-2006  18:04:00      0.14    0.0000   6.77723   0.00000   0.81591   1.31868   0.00000  31.00660   0.00000   0.00000
JAN-11-2006  18:06:00      0.13    0.0000   6.73591   0.00000   0.80940   1.27972   0.00000  30.45984   0.00000   0.00000
JAN-11-2006  18:08:00      0.13    0.0000   6.69565   0.00000   0.80307   1.24188   0.00000  29.92219   0.00000   0.00000
JAN-11-2006  18:10:00      0.12    0.0000   6.65642   0.00000   0.79690   1.20514   0.00000  29.39352   0.00000   0.00000
JAN-11-2006  18:12:00      0.11    0.0000   6.61817   0.00000   0.79089   1.16946   0.00000  28.87373   0.00000   0.00000
JAN-11-2006  18:14:00      0.11    0.0000   6.58087   0.00000   0.78503   1.13481   0.00000  28.36266   0.00000   0.00000
JAN-11-2006  18:16:00      0.10    0.0000   6.54448   0.00000   0.77932   1.10116   0.00000  27.86018   0.00000   0.00000
JAN-11-2006  18:18:00      0.10    0.0000   6.50896   0.00000   0.77376   1.06849   0.00000  27.36615   0.00000   0.00000
JAN-11-2006  18:20:00      0.09    0.0000   6.47429   0.00000   0.76833   1.03677   0.00000  26.88040   0.00000   0.00000
JAN-11-2006  18:22:00      0.09    0.0000   6.44042   0.00000   0.76303   1.00596   0.00000  26.40280   0.00000   0.00000
JAN-11-2006  18:24:00      0.08    0.0000   6.40735   0.00000   0.75786   0.97604   0.00000  25.93317   0.00000   0.00000
JAN-11-2006  18:26:00      0.08    0.0000   6.37502   0.00000   0.75281   0.94699   0.00000  25.47137   0.00000   0.00000
JAN-11-2006  18:28:00      0.07    0.0000   6.34343   0.00000   0.74788   0.91877   0.00000  25.01724   0.00000   0.00000
JAN-11-2006  18:30:00      0.07    0.0000   6.31254   0.00000   0.74307   0.89137   0.00000  24.57061   0.00000   0.00000
JAN-11-2006  18:32:00      0.07    0.0000   6.28233   0.00000   0.73836   0.86475   0.00000  24.13135   0.00000   0.00000
JAN-11-2006  18:34:00      0.06    0.0000   6.25278   0.00000   0.73377   0.83889   0.00000  23.69927   0.00000   0.00000
JAN-11-2006  18:36:00      0.06    0.0000   6.22385   0.00000   0.72927   0.81377   0.00000  23.27425   0.00000   0.00000
JAN-11-2006  18:38:00      0.06    0.0000   6.19555   0.00000   0.72488   0.78937   0.00000  22.85611   0.00000   0.00000
JAN-11-2006  18:40:00      0.06    0.0000   6.16783   0.00000   0.72058   0.76566   0.00000  22.44472   0.00000   0.00000
JAN-11-2006  18:42:00      0.05    0.0000   6.14069   0.00000   0.71638   0.74262   0.00000  22.03992   0.00000   0.00000
JAN-11-2006  18:44:00      0.05    0.0000   6.11410   0.00000   0.71226   0.72024   0.00000  21.64156   0.00000   0.00000
JAN-11-2006  18:46:00      0.05    0.0000   6.08805   0.00000   0.70823   0.69848   0.00000  21.24951   0.00000   0.00000
JAN-11-2006  18:48:00      0.05    0.0000   6.06252   0.00000   0.70429   0.67733   0.00000  20.86362   0.00000   0.00000
JAN-11-2006  18:50:00      0.05    0.0000   6.03749   0.00000   0.70043   0.65678   0.00000  20.48376   0.00000   0.00000
JAN-11-2006  18:52:00      0.04    0.0000   6.01295   0.00000   0.69665   0.63680   0.00000  20.10979   0.00000   0.00000
JAN-11-2006  18:54:00      0.04    0.0000   5.98888   0.00000   0.69294   0.61737   0.00000  19.74157   0.00000   0.00000
JAN-11-2006  18:56:00      0.04    0.0000   5.96527   0.00000   0.68931   0.59849   0.00000  19.37898   0.00000   0.00000
JAN-11-2006  18:58:00      0.04    0.0000   5.94211   0.00000   0.68576   0.58013   0.00000  19.02188   0.00000   0.00000
JAN-11-2006  19:00:00      0.04    0.0000   5.91938   0.00000   0.68227   0.56227   0.00000  18.67016   0.00000   0.00000
JAN-11-2006  19:02:00      0.04    0.0000   5.89707   0.00000   0.67885   0.54491   0.00000  18.32368   0.00000   0.00000
JAN-11-2006  19:04:00      0.03    0.0000   5.87516   0.00000   0.67549   0.52802   0.00000  17.98234   0.00000   0.00000
JAN-11-2006  19:06:00      0.03    0.0000   5.85365   0.00000   0.67220   0.51159   0.00000  17.64601   0.00000   0.00000
JAN-11-2006  19:08:00      0.03    0.0000   5.83252   0.00000   0.66897   0.49561   0.00000  17.31458   0.00000   0.00000
JAN-11-2006  19:10:00      0.03    0.0000   5.81177   0.00000   0.66580   0.48007   0.00000  16.98794   0.00000   0.00000
JAN-11-2006  19:12:00      0.03    0.0000   5.79138   0.00000   0.66269   0.46494   0.00000  16.66598   0.00000   0.00000
JAN-11-2006  19:14:00      0.03    0.0000   5.77134   0.00000   0.65964   0.45023   0.00000  16.34859   0.00000   0.00000
JAN-11-2006  19:16:00      0.03    0.0000   5.75164   0.00000   0.65664   0.43592   0.00000  16.03566   0.00000   0.00000
JAN-11-2006  19:18:00      0.03    0.0000   5.73228   0.00000   0.65369   0.42199   0.00000  15.72710   0.00000   0.00000
JAN-11-2006  19:20:00      0.03    0.0000   5.71324   0.00000   0.65080   0.40843   0.00000  15.42281   0.00000   0.00000
JAN-11-2006  19:22:00      0.03    0.0000   5.69452   0.00000   0.64796   0.39524   0.00000  15.12269   0.00000   0.00000
JAN-11-2006  19:24:00      0.02    0.0000   5.67610   0.00000   0.64516   0.38240   0.00000  14.82664   0.00000   0.00000
JAN-11-2006  19:26:00      0.02    0.0000   5.65799   0.00000   0.64242   0.36990   0.00000  14.53457   0.00000   0.00000
JAN-11-2006  19:28:00      0.02    0.0000   5.64016   0.00000   0.63972   0.35774   0.00000  14.24639   0.00000   0.00000
JAN-11-2006  19:30:00      0.02    0.0000   5.62262   0.00000   0.63707   0.34590   0.00000  13.96201   0.00000   0.00000
JAN-11-2006  19:32:00      0.02    0.0000   5.60536   0.00000   0.63446   0.33437   0.00000  13.68135   0.00000   0.00000
JAN-11-2006  19:34:00      0.02    0.0000   5.58837   0.00000   0.63189   0.32315   0.00000  13.40432   0.00000   0.00000
JAN-11-2006  19:36:00      0.02    0.0000   5.57164   0.00000   0.62937   0.31223   0.00000  13.13084   0.00000   0.00000
JAN-11-2006  19:38:00      0.02    0.0000   5.55516   0.00000   0.62688   0.30160   0.00000  12.86083   0.00000   0.00000
JAN-11-2006  19:40:00      0.02    0.0000   5.53894   0.00000   0.62444   0.29125   0.00000  12.59421   0.00000   0.00000
JAN-11-2006  19:42:00      0.02    0.0000   5.52296   0.00000   0.62204   0.28117   0.00000  12.33090   0.00000   0.00000
JAN-11-2006  19:44:00      0.02    0.0000   5.50722   0.00000   0.61967   0.27136   0.00000  12.07083   0.00000   0.00000
JAN-11-2006  19:46:00      0.02    0.0000   5.49171   0.00000   0.61734   0.26180   0.00000  11.81392   0.00000   0.00000
JAN-11-2006  19:48:00      0.02    0.0000   5.47643   0.00000   0.61504   0.25250   0.00000  11.56011   0.00000   0.00000
JAN-11-2006  19:50:00      0.02    0.0000   5.46137   0.00000   0.61278   0.24345   0.00000  11.30932   0.00000   0.00000
JAN-11-2006  19:52:00      0.02    0.0000   5.44652   0.00000   0.61056   0.23463   0.00000  11.06148   0.00000   0.00000
JAN-11-2006  19:54:00      0.02    0.0000   5.43189   0.00000   0.60837   0.22605   0.00000  10.81652   0.00000   0.00000
JAN-11-2006  19:56:00      0.02    0.0000   5.41746   0.00000   0.60621   0.21770   0.00000  10.57439   0.00000   0.00000
JAN-11-2006  19:58:00      0.02    0.0000   5.40324   0.00000   0.60408   0.20956   0.00000  10.33502   0.00000   0.00000
JAN-11-2006  20:00:00      0.01    0.0000   5.38921   0.00000   0.60198   0.20164   0.00000  10.09834   0.00000   0.00000
JAN-11-2006  20:02:00      0.01    0.0000   5.37538   0.00000   0.59991   0.19393   0.00000   9.86429   0.00000   0.00000
JAN-11-2006  20:04:00      0.01    0.0000   5.36173   0.00000   0.59787   0.18643   0.00000   9.63282   0.00000   0.00000
JAN-11-2006  20:06:00      0.01    0.0000   5.34827   0.00000   0.59587   0.17913   0.00000   9.40386   0.00000   0.00000
JAN-11-2006  20:08:00      0.01    0.0000   5.33498   0.00000   0.59388   0.17202   0.00000   9.17735   0.00000   0.00000
JAN-11-2006  20:10:00      0.01    0.0000   5.32188   0.00000   0.59193   0.16510   0.00000   8.95325   0.00000   0.00000
JAN-11-2006  20:12:00      0.01    0.0000   5.30894   0.00000   0.59000   0.15837   0.00000   8.73149   0.00000   0.00000
JAN-11-2006  20:14:00      0.01    0.0000   5.29618   0.00000   0.58810   0.15182   0.00000   8.51202   0.00000   0.00000
JAN-11-2006  20:16:00      0.01    0.0000   5.28358   0.00000   0.58623   0.14545   0.00000   8.29479   0.00000   0.00000
JAN-11-2006  20:18:00      0.01    0.0000   5.27114   0.00000   0.58438   0.13925   0.00000   8.07974   0.00000   0.00000
JAN-11-2006  20:20:00      0.01    0.0000   5.25886   0.00000   0.58255   0.13322   0.00000   7.86683   0.00000   0.00000
JAN-11-2006  20:22:00      0.01    0.0000   5.24673   0.00000   0.58075   0.12736   0.00000   7.65600   0.00000   0.00000
JAN-11-2006  20:24:00      0.01    0.0000   5.23476   0.00000   0.57897   0.12166   0.00000   7.44721   0.00000   0.00000
JAN-11-2006  20:26:00      0.01    0.0000   5.22293   0.00000   0.57722   0.11612   0.00000   7.24041   0.00000   0.00000
JAN-11-2006  20:28:00      0.01    0.0000   5.21125   0.00000   0.57548   0.11073   0.00000   7.03555   0.00000   0.00000
JAN-11-2006  20:30:00      0.01    0.0000   5.19971   0.00000   0.57377   0.10550   0.00000   6.83258   0.00000   0.00000
JAN-11-2006  20:32:00      0.01    0.0000   5.18831   0.00000   0.57208   0.10041   0.00000   6.63146   0.00000   0.00000
JAN-11-2006  20:34:00      0.01    0.0000   5.17705   0.00000   0.57041   0.09548   0.00000   6.43215   0.00000   0.00000
JAN-11-2006  20:36:00      0.01    0.0000   5.16592   0.00000   0.56876   0.09068   0.00000   6.23459   0.00000   0.00000
JAN-11-2006  20:38:00      0.01    0.0000   5.15493   0.00000   0.56714   0.08603   0.00000   6.03875   0.00000   0.00000
JAN-11-2006  20:40:00      0.01    0.0000   5.14406   0.00000   0.56553   0.08151   0.00000   5.84459   0.00000   0.00000
JAN-11-2006  20:42:00      0.01    0.0000   5.13332   0.00000   0.56394   0.07713   0.00000   5.65206   0.00000   0.00000
JAN-11-2006  20:44:00      0.01    0.0000   5.12270   0.00000   0.56236   0.07288   0.00000   5.46112   0.00000   0.00000
JAN-11-2006  20:46:00      0.01    0.0000   5.11220   0.00000   0.56081   0.06877   0.00000   5.27173   0.00000   0.00000
JAN-11-2006  20:48:00      0.01    0.0000   5.10182   0.00000   0.55928   0.06478   0.00000   5.08385   0.00000   0.00000
JAN-11-2006  20:50:00      0.01    0.0000   5.09156   0.00000   0.55776   0.06092   0.00000   4.89744   0.00000   0.00000
JAN-11-2006  20:52:00      0.01    0.0000   5.08142   0.00000   0.55626   0.05718   0.00000   4.71247   0.00000   0.00000
JAN-11-2006  20:54:00      0.01    0.0000   5.07138   0.00000   0.55477   0.05357   0.00000   4.52889   0.00000   0.00000
JAN-11-2006  20:56:00      0.01    0.0000   5.06146   0.00000   0.55331   0.05007   0.00000   4.34666   0.00000   0.00000
JAN-11-2006  20:58:00      0.01    0.0000   5.05164   0.00000   0.55185   0.04670   0.00000   4.16575   0.00000   0.00000
JAN-11-2006  21:00:00      0.01    0.0000   5.04193   0.00000   0.55042   0.04345   0.00000   3.98613   0.00000   0.00000
JAN-11-2006  21:02:00      0.01    0.0000   5.03233   0.00000   0.54900   0.04031   0.00000   3.80775   0.00000   0.00000
JAN-11-2006  21:04:00      0.01    0.0000   5.02283   0.00000   0.54759   0.03729   0.00000   3.63057   0.00000   0.00000
JAN-11-2006  21:06:00      0.01    0.0000   5.01342   0.00000   0.54620   0.03438   0.00000   3.45457   0.00000   0.00000
JAN-11-2006  21:08:00      0.01    0.0000   5.00412   0.00000   0.54483   0.03159   0.00000   3.27970   0.00000   0.00000
JAN-11-2006  21:10:00      0.01    0.0000   4.99491   0.00000   0.54347   0.02891   0.00000   3.10594   0.00000   0.00000
JAN-11-2006  21:12:00      0.01    0.0000   4.98580   0.00000   0.54212   0.02634   0.00000   2.93324   0.00000   0.00000
JAN-11-2006  21:14:00      0.01    0.0000   4.97678   0.00000   0.54079   0.02388   0.00000   2.76157   0.00000   0.00000
JAN-11-2006  21:16:00      0.01    0.0000   4.96785   0.00000   0.53946   0.02153   0.00000   2.59089   0.00000   0.00000
JAN-11-2006  21:18:00      0.01    0.0000   4.95902   0.00000   0.53816   0.01930   0.00000   2.42118   0.00000   0.00000
JAN-11-2006  21:20:00      0.01    0.0000   4.95027   0.00000   0.53686   0.01717   0.00000   2.25238   0.00000   0.00000
JAN-11-2006  21:22:00      0.01    0.0000   4.94160   0.00000   0.53558   0.01516   0.00000   2.08448   0.00000   0.00000
JAN-11-2006  21:24:00      0.01    0.0000   4.93303   0.00000   0.53431   0.01326   0.00000   1.91743   0.00000   0.00000
JAN-11-2006  21:26:00      0.01    0.0000   4.92453   0.00000   0.53305   0.01147   0.00000   1.75119   0.00000   0.00000
JAN-11-2006  21:28:00      0.01    0.0000   4.91612   0.00000   0.53180   0.00979   0.00000   1.58574   0.00000   0.00000
JAN-11-2006  21:30:00      0.01    0.0000   4.90779   0.00000   0.53057   0.00823   0.00000   1.42103   0.00000   0.00000
JAN-11-2006  21:32:00      0.01    0.0000   4.89954   0.00000   0.52934   0.00679   0.00000   1.25703   0.00000   0.00000
JAN-11-2006  21:34:00      0.01    0.0000   4.89137   0.00000   0.52813   0.00546   0.00000   1.09370   0.00000   0.00000
JAN-11-2006  21:36:00      0.01    0.0000   4.88327   0.00000   0.52693   0.00426   0.00000   0.93101   0.00000   0.00000
JAN-11-2006  21:38:00      0.01    0.0000   4.87525   0.00000   0.52574   0.00318   0.00000   0.76890   0.00000   0.00000
JAN-11-2006  21:40:00      0.01    0.0000   4.86730   0.00000   0.52455   0.00224   0.00000   0.60735   0.00000   0.00000
JAN-11-2006  21:42:00      0.01    0.0000   4.85943   0.00000   0.52338   0.00143   0.00000   0.44630   0.00000   0.00000
JAN-11-2006  21:44:00      0.01    0.0000   4.85162   0.00000   0.52222   0.00078   0.00000   0.28571   0.00000   0.00000
JAN-11-2006  21:46:00      0.01    0.0000   4.84389   0.00000   0.52107   0.00030   0.00000   0.12553   0.00000   0.00000
JAN-11-2006  21:48:00      0.00    0.0000   2.73980   0.00000   0.29454   0.00002   0.00000   0.00000   0.00000   0.00000
JAN-11-2006  21:50:00      0.00    0.0000   0.00489   0.00000   0.00053   0.00000   0.00000   0.00068   0.00000   0.00000
JAN-11-2006  21:52:00      0.00    0.0000   0.06557   0.00000   0.00705   0.00000   0.00000   0.00083   0.00000   0.00000
JAN-11-2006  21:54:00      0.00    0.0000   0.03913   0.00000   0.00421   0.00000   0.00000   0.00053   0.00000   0.00000
JAN-11-2006  21:56:00      0.00    0.0000   0.04235   0.00000   0.00455   0.00000   0.00000   0.00070   0.00000   0.00000
JAN-11-2006  21:58:00      0.00    0.0000   0.04513   0.00000   0.00485   0.00000   0.00000   0.00063   0.00000   0.00000
JAN-11-2006  22:00:00      0.00    0.0000   0.04086   0.00000   0.00439   0.00000   0.00000   0.00062   0.00000   0.00000
JAN-11-2006  22:02:00      0.00    0.0000   0.04202   0.00000   0.00452   0.00000   0.00000   0.00062   0.00000   0.00000
JAN-11-2006  22:04:00      0.00    0.0000   0.04090   0.00000   0.00440   0.00000   0.00000   0.00060   0.00000   0.00000
JAN-11-2006  22:06:00      0.00    0.0000   0.04016   0.00000   0.00432   0.00000   0.00000   0.00060   0.00000   0.00000
JAN-11-2006  22:08:00      0.00    0.0000   0.03973   0.00000   0.00427   0.00000   0.00000   0.00059   0.00000   0.00000
JAN-11-2006  22:10:00      0.00    0.0000   0.03900   0.00000   0.00419   0.00000   0.00000   0.00058   0.00000   0.00000
JAN-11-2006  22:12:00      0.00    0.0000   0.03845   0.00000   0.00413   0.00000   0.00000   0.00057   0.00000   0.00000
JAN-11-2006  22:14:00      0.00    0.0000   0.03787   0.00000   0.00407   0.00000   0.00000   0.00056   0.00000   0.00000
JAN-11-2006  22:16:00      0.00    0.0000   0.03728   0.00000   0.00401   0.00000   0.00000   0.00055   0.00000   0.00000
JAN-11-2006  22:18:00      0.00    0.0000   0.03673   0.00000   0.00395   0.00000   0.00000   0.00054   0.00000   0.00000
JAN-11-2006  22:20:00      0.00    0.0000   0.03618   0.00000   0.00389   0.00000   0.00000   0.00053   0.00000   0.00000
JAN-11-2006  22:22:00      0.00    0.0000   0.03565   0.00000   0.00383   0.00000   0.00000   0.00053   0.00000   0.00000
JAN-11-2006  22:24:00      0.00    0.0000   0.03512   0.00000   0.00378   0.00000   0.00000   0.00052   0.00000   0.00000
JAN-11-2006  22:26:00      0.00    0.0000   0.03461   0.00000   0.00372   0.00000   0.00000   0.00051   0.00000   0.00000
JAN-11-2006  22:28:00      0.00    0.0000   0.03410   0.00000   0.00367   0.00000   0.00000   0.00050   0.00000   0.00000
JAN-11-2006  22:30:00      0.00    0.0000   0.03361   0.00000   0.00361   0.00000   0.00000   0.00050   0.00000   0.00000
JAN-11-2006  22:32:00      0.00    0.0000   0.03313   0.00000   0.00356   0.00000   0.00000   0.00049   0.00000   0.00000
JAN-11-2006  22:34:00      0.00    0.0000   0.03265   0.00000   0.00351   0.00000   0.00000   0.00048   0.00000   0.00000
JAN-11-2006  22:36:00      0.00    0.0000   0.03219   0.00000   0.00346   0.00000   0.00000   0.00048   0.00000   0.00000
JAN-11-2006  22:38:00      0.00    0.0000   0.03173   0.00000   0.00341   0.00000   0.00000   0.00047   0.00000   0.00000
JAN-11-2006  22:40:00      0.00    0.0000   0.03129   0.00000   0.00336   0.00000   0.00000   0.00046   0.00000   0.00000
JAN-11-2006  22:42:00      0.00    0.0000   0.03085   0.00000   0.00332   0.00000   0.00000   0.00046   0.00000   0.00000
JAN-11-2006  22:44:00      0.00    0.0000   0.03042   0.00000   0.00327   0.00000   0.00000   0.00045   0.00000   0.00000
JAN-11-2006  22:46:00      0.00    0.0000   0.03000   0.00000   0.00322   0.00000   0.00000   0.00044   0.00000   0.00000
JAN-11-2006  22:48:00      0.00    0.0000   0.02959   0.00000   0.00318   0.00000   0.00000   0.00044   0.00000   0.00000
JAN-11-2006  22:50:00      0.00    0.0000   0.02918   0.00000   0.00314   0.00000   0.00000   0.00043   0.00000   0.00000
JAN-11-2006  22:52:00      0.00    0.0000   0.02879   0.00000   0.00309   0.00000   0.00000   0.00043   0.00000   0.00000
JAN-11-2006  22:54:00      0.00    0.0000   0.02840   0.00000   0.00305   0.00000   0.00000   0.00042   0.00000   0.00000
JAN-11-2006  22:56:00      0.00    0.0000   0.02801   0.00000   0.00301   0.00000   0.00000   0.00041   0.00000   0.00000
JAN-11-2006  22:58:00      0.00    0.0000   0.02764   0.00000   0.00297   0.00000   0.00000   0.00041   0.00000   0.00000
JAN-11-2006  23:00:00      0.00    0.0000   0.02727   0.00000   0.00293   0.00000   0.00000   0.00040   0.00000   0.00000
JAN-11-2006  23:02:00      0.00    0.0000   0.02691   0.00000   0.00289   0.00000   0.00000   0.00040   0.00000   0.00000
JAN-11-2006  23:04:00      0.00    0.0000   0.02656   0.00000   0.00285   0.00000   0.00000   0.00039   0.00000   0.00000
JAN-11-2006  23:06:00      0.00    0.0000   0.02621   0.00000   0.00282   0.00000   0.00000   0.00039   0.00000   0.00000
JAN-11-2006  23:08:00      0.00    0.0000   0.02587   0.00000   0.00278   0.00000   0.00000   0.00038   0.00000   0.00000
JAN-11-2006  23:10:00      0.00    0.0000   0.02553   0.00000   0.00274   0.00000   0.00000   0.00038   0.00000   0.00000
JAN-11-2006  23:12:00      0.00    0.0000   0.02520   0.00000   0.00271   0.00000   0.00000   0.00037   0.00000   0.00000
JAN-11-2006  23:14:00      0.00    0.0000   0.02488   0.00000   0.00267   0.00000   0.00000   0.00037   0.00000   0.00000
JAN-11-2006  23:16:00      0.00    0.0000   0.02456   0.00000   0.00264   0.00000   0.00000   0.00036   0.00000   0.00000
JAN-11-2006  23:18:00      0.00    0.0000   0.02425   0.00000   0.00261   0.00000   0.00000   0.00036   0.00000   0.00000
JAN-11-2006  23:20:00      0.00    0.0000   0.02394   0.00000   0.00257   0.00000   0.00000   0.00035   0.00000   0.00000
JAN-11-2006  23:22:00      0.00    0.0000   0.02364   0.00000   0.00254   0.00000   0.00000   0.00035   0.00000   0.00000
JAN-11-2006  23:24:00      0.00    0.0000   0.02334   0.00000   0.00251   0.00000   0.00000   0.00035   0.00000   0.00000
JAN-11-2006  23:26:00      0.00    0.0000   0.02305   0.00000   0.00248   0.00000   0.00000   0.00034   0.00000   0.00000
JAN-11-2006  23:28:00      0.00    0.0000   0.02277   0.00000   0.00245   0.00000   0.00000   0.00034   0.00000   0.00000
JAN-11-2006  23:30:00      0.00    0.0000   0.02249   0.00000   0.00242   0.00000   0.00000   0.00033   0.00000   0.00000
JAN-11-2006  23:32:00      0.00    0.0000   0.02221   0.00000   0.00239   0.00000   0.00000   0.00033   0.00000   0.00000
JAN-11-2006  23:34:00      0.00    0.0000   0.02194   0.00000   0.00236   0.00000   0.00000   0.00032   0.00000   0.00000
JAN-11-2006  23:36:00      0.00    0.0000   0.02167   0.00000   0.00233   0.00000   0.00000   0.00032   0.00000   0.00000
JAN-11-2006  23:38:00      0.00    0.0000   0.02141   0.00000   0.00230   0.00000   0.00000   0.00032   0.00000   0.00000
JAN-11-2006  23:40:00      0.00    0.0000   0.02115   0.00000   0.00227   0.00000   0.00000   0.00031   0.00000   0.00000
JAN-11-2006  23:42:00      0.00    0.0000   0.02090   0.00000   0.00225   0.00000   0.00000   0.00031   0.00000   0.00000
JAN-11-2006  23:44:00      0.00    0.0000   0.02065   0.00000   0.00222   0.00000   0.00000   0.00031   0.00000   0.00000
JAN-11-2006  23:46:00      0.00    0.0000   0.02041   0.00000   0.00219   0.00000   0.00000   0.00030   0.00000   0.00000
JAN-11-2006  23:48:00      0.00    0.0000   0.02017   0.00000   0.00217   0.00000   0.00000   0.00030   0.00000   0.00000
JAN-11-2006  23:50:00      0.00    0.0000   0.01993   0.00000   0.00214   0.00000   0.00000   0.00029   0.00000   0.00000
JAN-11-2006  23:52:00      0.00    0.0000   0.01970   0.00000   0.00212   0.00000   0.00000   0.00029   0.00000   0.00000
JAN-11-2006  23:54:00      0.00    0.0000   0.01947   0.00000   0.00209   0.00000   0.00000   0.00029   0.00000   0.00000
JAN-11-2006  23:56:00      0.00    0.0000   0.01924   0.00000   0.00207   0.00000   0.00000   0.00028   0.00000   0.00000
JAN-11-2006  23:58:00      0.00    0.0000   0.01902   0.00000   0.00204   0.00000   0.00000   0.00028   0.00000   0.00000
JAN-12-2006  00:00:00      0.00    0.0000   0.01880   0.00000   0.00202   0.00000   0.00000   0.00028   0.00000   0.00000
JAN-12-2006  00:02:00      0.00    0.0000   0.01859   0.00000   0.00200   0.00000   0.00000   0.00028   0.00000   0.00000
JAN-12-2006  00:04:00      0.00    0.0000   0.01837   0.00000   0.00198   0.00000   0.00000   0.00027   0.00000   0.00000
JAN-12-2006  00:06:00      0.00    0.0000   0.01817   0.00000   0.00195   0.00000   0.00000   0.00027   0.00000   0.00000
JAN-12-2006  00:08:00      0.00    0.0000   0.01796   0.00000   0.00193   0.00000   0.00000   0.00027   0.00000   0.00000
JAN-12-2006  00:10:00      0.00    0.0000   0.01776   0.00000   0.00191   0.00000   0.00000   0.00026   0.00000   0.00000
JAN-12-2006  00:12:00      0.00    0.0000   0.01756   0.00000   0.00189   0.00000   0.00000   0.00026   0.00000   0.00000
JAN-12-2006  00:14:00      0.00    0.0000   0.01737   0.00000   0.00187   0.00000   0.00000   0.00026   0.00000   0.00000
JAN-12-2006  00:16:00      0.00    0.0000   0.01717   0.00000   0.00185   0.00000   0.00000   0.00025   0.00000   0.00000
JAN-12-2006  00:18:00      0.00    0.0000   0.01699   0.00000   0.00183   0.00000   0.00000   0.00025   0.00000   0.00000
JAN-12-2006  00:20:00      0.00    0.0000   0.01680   0.00000   0.00181   0.00000   0.00000   0.00025   0.00000   0.00000
JAN-12-2006  00:22:00      0.00    0.0000   0.01662   0.00000   0.00179   0.00000   0.00000   0.00025   0.00000   0.00000
JAN-12-2006  00:24:00      0.00    0.0000   0.01643   0.00000   0.00177   0.00000   0.00000   0.00024   0.00000   0.00000
JAN-12-2006  00:26:00      0.00    0.0000   0.01626   0.00000   0.00175   0.00000   0.00000   0.00024   0.00000   0.00000
JAN-12-2006  00:28:00      0.00    0.0000   0.01608   0.00000   0.00173   0.00000   0.00000   0.00024   0.00000   0.00000
JAN-12-2006  00:30:00      0.00    0.0000   0.01591   0.00000   0.00171   0.00000   0.00000   0.00024   0.00000   0.00000
JAN-12-2006  00:32:00      0.00    0.0000   0.01574   0.00000   0.00169   0.00000   0.00000   0.00023   0.00000   0.00000
JAN-12-2006  00:34:00      0.00    0.0000   0.01557   0.00000   0.00167   0.00000   0.00000   0.00023   0.00000   0.00000
JAN-12-2006  00:36:00      0.00    0.0000   0.01541   0.00000   0.00166   0.00000   0.00000   0.00023   0.00000   0.00000
JAN-12-2006  00:38:00      0.00    0.0000   0.01524   0.00000   0.00164   0.00000   0.00000   0.00023   0.00000   0.00000
JAN-12-2006  00:40:00      0.00    0.0000   0.01508   0.00000   0.00162   0.00000   0.00000   0.00022   0.00000   0.00000
JAN-12-2006  00:42:00      0.00    0.0000   0.01492   0.00000   0.00160   0.00000   0.00000   0.00022   0.00000   0.00000
JAN-12-2006  00:44:00      0.00    0.0000   0.01477   0.00000   0.00159   0.00000   0.00000   0.00022   0.00000   0.00000
JAN-12-2006  00:46:00      0.00    0.0000   0.01462   0.00000   0.00157   0.00000   0.00000   0.00022   0.00000   0.00000
JAN-12-2006  00:48:00      0.00    0.0000   0.01446   0.00000   0.00155   0.00000   0.00000   0.00021   0.00000   0.00000
JAN-12-2006  00:50:00      0.00    0.0000   0.01432   0.00000   0.00154   0.00000   0.00000   0.00021   0.00000   0.00000
JAN-12-2006  00:52:00      0.00    0.0000   0.01417   0.00000   0.00152   0.00000   0.00000   0.00021   0.00000   0.00000
JAN-12-2006  00:54:00      0.00    0.0000   0.01402   0.00000   0.00151   0.00000   0.00000   0.00021   0.00000   0.00000
JAN-12-2006  00:56:00      0.00    0.0000   0.01388   0.00000   0.00149   0.00000   0.00000   0.00021   0.00000   0.00000
JAN-12-2006  00:58:00      0.00    0.0000   0.01374   0.00000   0.00148   0.00000   0.00000   0.00020   0.00000   0.00000
JAN-12-2006  01:00:00      0.00    0.0000   0.01360   0.00000   0.00146   0.00000   0.00000   0.00020   0.00000   0.00000
JAN-12-2006  01:02:00      0.00    0.0000   0.01347   0.00000   0.00145   0.00000   0.00000   0.00020   0.00000   0.00000
JAN-12-2006  01:04:00      0.00    0.0000   0.01333   0.00000   0.00143   0.00000   0.00000   0.00020   0.00000   0.00000
JAN-12-2006  01:06:00      0.00    0.0000   0.01320   0.00000   0.00142   0.00000   0.00000   0.00020   0.00000   0.00000
JAN-12-2006  01:08:00      0.00    0.0000   0.01307   0.00000   0.00140   0.00000   0.00000   0.00019   0.00000   0.00000
JAN-12-2006  01:10:00      0.00    0.0000   0.01294   0.00000   0.00139   0.00000   0.00000   0.00019   0.00000   0.00000
JAN-12-2006  01:12:00      0.00    0.0000   0.01281   0.00000   0.00138   0.00000   0.00000   0.00019   0.00000   0.00000
JAN-12-2006  01:14:00      0.00    0.0000   0.01268   0.00000   0.00136   0.00000   0.00000   0.00019   0.00000   0.00000
JAN-12-2006  01:16:00      0.00    0.0000   0.01256   0.00000   0.00135   0.00000   0.00000   0.00019   0.00000   0.00000
JAN-12-2006  01:18:00      0.00    0.0000   0.01244   0.00000   0.00134   0.00000   0.00000   0.00018   0.00000   0.00000
JAN-12-2006  01:20:00      0.00    0.0000   0.01232   0.00000   0.00132   0.00000   0.00000   0.00018   0.00000   0.00000
JAN-12-2006  01:22:00      0.00    0.0000   0.01220   0.00000   0.00131   0.00000   0.00000   0.00018   0.00000   0.00000
JAN-12-2006  01:24:00      0.00    0.0000   0.01208   0.00000   0.00130   0.00000   0.00000   0.00018   0.00000   0.00000
JAN-12-2006  01:26:00      0.00    0.0000   0.01197   0.00000   0.00129   0.00000   0.00000   0.00018   0.00000   0.00000
JAN-12-2006  01:28:00      0.00    0.0000   0.01185   0.00000   0.00127   0.00000   0.00000   0.00018   0.00000   0.00000
JAN-12-2006  01:30:00      0.00    0.0000   0.01174   0.00000   0.00126   0.00000   0.00000   0.00017   0.00000   0.00000
JAN-12-2006  01:32:00      0.00    0.0000   0.01163   0.00000   0.00125   0.00000   0.00000   0.00017   0.00000   0.00000
JAN-12-2006  01:34:00      0.00    0.0000   0.01152   0.00000   0.00124   0.00000   0.00000   0.00017   0.00000   0.00000
JAN-12-2006  01:36:00      0.00    0.0000   0.01141   0.00000   0.00123   0.00000   0.00000   0.00017   0.00000   0.00000
JAN-12-2006  01:38:00      0.00    0.0000   0.01130   0.00000   0.00121   0.00000   0.00000   0.00017   0.00000   0.00000
JAN-12-2006  01:40:00      0.00    0.0000   0.01120   0.00000   0.00120   0.00000   0.00000   0.00017   0.00000   0.00000
JAN-12-2006  01:42:00      0.00    0.0000   0.01109   0.00000   0.00119   0.00000   0.00000   0.00016   0.00000   0.00000
JAN-12-2006  01:44:00      0.00    0.0000   0.01099   0.00000   0.00118   0.00000   0.00000   0.00016   0.00000   0.00000
JAN-12-2006  01:46:00      0.00    0.0000   0.01089   0.00000   0.00117   0.00000   0.00000   0.00016   0.00000   0.00000
JAN-12-2006  01:48:00      0.00    0.0000   0.01079   0.00000   0.00116   0.00000   0.00000   0.00016   0.00000   0.00000
JAN-12-2006  01:50:00      0.00    0.0000   0.01069   0.00000   0.00115   0.00000   0.00000   0.00016   0.00000   0.00000
JAN-12-2006  01:52:00      0.00    0.0000   0.01059   0.00000   0.00114   0.00000   0.00000   0.00016   0.00000   0.00000
JAN-12-2006  01:54:00      0.00    0.0000   0.01049   0.00000   0.00113   0.00000   0.00000   0.00016   0.00000   0.00000
JAN-12-2006  01:56:00      0.00    0.0000   0.01040   0.00000   0.00112   0.00000   0.00000   0.00015   0.00000   0.00000
JAN-12-2006  01:58:00      0.00    0.0000   0.01031   0.00000   0.00111   0.00000   0.00000   0.00015   0.00000   0.00000
JAN-12-2006  02:00:00      0.00    0.0000   0.01021   0.00000   0.00110   0.00000   0.00000   0.00015   0.00000   0.00000
JAN-12-2006  02:02:00      0.00    0.0000   0.01012   0.00000   0.00109   0.00000   0.00000   0.00015   0.00000   0.00000
JAN-12-2006  02:04:00      0.00    0.0000   0.01003   0.00000   0.00108   0.00000   0.00000   0.00015   0.00000   0.00000
JAN-12-2006  02:06:00      0.00    0.0000   0.00994   0.00000   0.00107   0.00000   0.00000   0.00015   0.00000   0.00000
JAN-12-2006  02:08:00      0.00    0.0000   0.00985   0.00000   0.00106   0.00000   0.00000   0.00015   0.00000   0.00000
JAN-12-2006  02:10:00      0.00    0.0000   0.00977   0.00000   0.00105   0.00000   0.00000   0.00014   0.00000   0.00000
JAN-12-2006  02:12:00      0.00    0.0000   0.00968   0.00000   0.00104   0.00000   0.00000   0.00014   0.00000   0.00000
JAN-12-2006  02:14:00      0.00    0.0000   0.00960   0.00000   0.00103   0.00000   0.00000   0.00014   0.00000   0.00000
JAN-12-2006  02:16:00      0.00    0.0000   0.00951   0.00000   0.00102   0.00000   0.00000   0.00014   0.00000   0.00000
JAN-12-2006  02:18:00      0.00    0.0000   0.00943   0.00000   0.00101   0.00000   0.00000   0.00014   0.00000   0.00000
JAN-12-2006  02:20:00      0.00    0.0000   0.00935   0.00000   0.00100   0.00000   0.00000   0.00014   0.00000   0.00000
JAN-12-2006  02:22:00      0.00    0.0000   0.00927   0.00000   0.00100   0.00000   0.00000   0.00014   0.00000   0.00000
JAN-12-2006  02:24:00      0.00    0.0000   0.00919   0.00000   0.00099   0.00000   0.00000   0.00014   0.00000   0.00000
JAN-12-2006  02:26:00      0.00    0.0000   0.00911   0.00000   0.00098   0.00000   0.00000   0.00013   0.00000   0.00000
JAN-12-2006  02:28:00      0.00    0.0000   0.00903   0.00000   0.00097   0.00000   0.00000   0.00013   0.00000   0.00000
JAN-12-2006  02:30:00      0.00    0.0000   0.00895   0.00000   0.00096   0.00000   0.00000   0.00013   0.00000   0.00000
JAN-12-2006  02:32:00      0.00    0.0000   0.00888   0.00000   0.00095   0.00000   0.00000   0.00013   0.00000   0.00000
JAN-12-2006  02:34:00      0.00    0.0000   0.00880   0.00000   0.00095   0.00000   0.00000   0.00013   0.00000   0.00000
JAN-12-2006  02:36:00      0.00    0.0000   0.00873   0.00000   0.00094   0.00000   0.00000   0.00013   0.00000   0.00000
JAN-12-2006  02:38:00      0.00    0.0000   0.00865   0.00000   0.00093   0.00000   0.00000   0.00013   0.00000   0.00000
JAN-12-2006  02:40:00      0.00    0.0000   0.00858   0.00000   0.00092   0.00000   0.00000   0.00013   0.00000   0.00000
JAN-12-2006  02:42:00      0.00    0.0000   0.00851   0.00000   0.00091   0.00000   0.00000   0.00013   0.00000   0.00000
JAN-12-2006  02:44:00      0.00    0.0000   0.00844   0.00000   0.00091   0.00000   0.00000   0.00013   0.00000   0.00000
JAN-12-2006  02:46:00      0.00    0.0000   0.00837   0.00000   0.00090   0.00000   0.00000   0.00012   0.00000   0.00000
JAN-12-2006  02:48:00      0.00    0.0000   0.00830   0.00000   0.00089   0.00000   0.00000   0.00012   0.00000   0.00000
JAN-12-2006  02:50:00      0.00    0.0000   0.00823   0.00000   0.00088   0.00000   0.00000   0.00012   0.00000   0.00000
JAN-12-2006  02:52:00      0.00    0.0000   0.00816   0.00000   0.00088   0.00000   0.00000   0.00012   0.00000   0.00000
JAN-12-2006  02:54:00      0.00    0.0000   0.00809   0.00000   0.00087   0.00000   0.00000   0.00012   0.00000   0.00000
JAN-12-2006  02:56:00      0.00    0.0000   0.00803   0.00000   0.00086   0.00000   0.00000   0.00012   0.00000   0.00000
JAN-12-2006  02:58:00      0.00    0.0000   0.00796   0.00000   0.00086   0.00000   0.00000   0.00012   0.00000   0.00000
JAN-12-2006  03:00:00      0.00    0.0000   0.00790   0.00000   0.00085   0.00000   0.00000   0.00012   0.00000   0.00000
JAN-12-2006  03:02:00      0.00    0.0000   0.00783   0.00000   0.00084   0.00000   0.00000   0.00012   0.00000   0.00000
JAN-12-2006  03:04:00      0.00    0.0000   0.00777   0.00000   0.00084   0.00000   0.00000   0.00012   0.00000   0.00000
JAN-12-2006  03:06:00      0.00    0.0000   0.00771   0.00000   0.00083   0.00000   0.00000   0.00011   0.00000   0.00000
JAN-12-2006  03:08:00      0.00    0.0000   0.00765   0.00000   0.00082   0.00000   0.00000   0.00011   0.00000   0.00000
JAN-12-2006  03:10:00      0.00    0.0000   0.00759   0.00000   0.00082   0.00000   0.00000   0.00011   0.00000   0.00000
JAN-12-2006  03:12:00      0.00    0.0000   0.00753   0.00000   0.00081   0.00000   0.00000   0.00011   0.00000   0.00000
JAN-12-2006  03:14:00      0.00    0.0000   0.00747   0.00000   0.00080   0.00000   0.00000   0.00011   0.00000   0.00000
JAN-12-2006  03:16:00      0.00    0.0000   0.00741   0.00000   0.00080   0.00000   0.00000   0.00011   0.00000   0.00000
JAN-12-2006  03:18:00      0.00    0.0000   0.00735   0.00000   0.00079   0.00000   0.00000   0.00011   0.00000   0.00000
JAN-12-2006  03:20:00      0.00    0.0000   0.00729   0.00000   0.00078   0.00000   0.00000   0.00011   0.00000   0.00000
JAN-12-2006  03:22:00      0.00    0.0000   0.00723   0.00000   0.00078   0.00000   0.00000   0.00011   0.00000   0.00000
JAN-12-2006  03:24:00      0.00    0.0000   0.00718   0.00000   0.00077   0.00000   0.00000   0.00011   0.00000   0.00000
JAN-12-2006  03:26:00      0.00    0.0000   0.00712   0.00000   0.00077   0.00000   0.00000   0.00011   0.00000   0.00000
JAN-12-2006  03:28:00      0.00    0.0000   0.00706   0.00000   0.00076   0.00000   0.00000   0.00010   0.00000   0.00000
JAN-12-2006  03:30:00      0.00    0.0000   0.00701   0.00000   0.00075   0.00000   0.00000   0.00010   0.00000   0.00000
JAN-12-2006  03:32:00      0.00    0.0000   0.00696   0.00000   0.00075   0.00000   0.00000   0.00010   0.00000   0.00000
JAN-12-2006  03:34:00      0.00    0.0000   0.00690   0.00000   0.00074   0.00000   0.00000   0.00010   0.00000   0.00000
JAN-12-2006  03:36:00      0.00    0.0000   0.00685   0.00000   0.00074   0.00000   0.00000   0.00010   0.00000   0.00000
JAN-12-2006  03:38:00      0.00    0.0000   0.00680   0.00000   0.00073   0.00000   0.00000   0.00010   0.00000   0.00000
JAN-12-2006  03:40:00      0.00    0.0000   0.00675   0.00000   0.00073   0.00000   0.00000   0.00010   0.00000   0.00000
JAN-12-2006  03:42:00      0.00    0.0000   0.00669   0.00000   0.00072   0.00000   0.00000   0.00010   0.00000   0.00000
JAN-12-2006  03:44:00      0.00    0.0000   0.00664   0.00000   0.00071   0.00000   0.00000   0.00010   0.00000   0.00000
JAN-12-2006  03:46:00      0.00    0.0000   0.00659   0.00000   0.00071   0.00000   0.00000   0.00010   0.00000   0.00000
JAN-12-2006  03:48:00      0.00    0.0000   0.00654   0.00000   0.00070   0.00000   0.00000   0.00010   0.00000   0.00000
JAN-12-2006  03:50:00      0.00    0.0000   0.00649   0.00000   0.00070   0.00000   0.00000   0.00010   0.00000   0.00000
JAN-12-2006  03:52:00      0.00    0.0000   0.00645   0.00000   0.00069   0.00000   0.00000   0.00010   0.00000   0.00000
JAN-12-2006  03:54:00      0.00    0.0000   0.00640   0.00000   0.00069   0.00000   0.00000   0.00009   0.00000   0.00000
JAN-12-2006  03:56:00      0.00    0.0000   0.00635   0.00000   0.00068   0.00000   0.00000   0.00009   0.00000   0.00000
JAN-12-2006  03:58:00      0.00    0.0000   0.00630   0.00000   0.00068   0.00000   0.00000   0.00009   0.00000   0.00000
JAN-12-2006  04:00:00      0.00    0.0000   0.00626   0.00000   0.00067   0.00000   0.00000   0.00009   0.00000   0.00000
JAN-12-2006  04:02:00      0.00    0.0000   0.00621   0.00000   0.00067   0.00000   0.00000   0.00009   0.00000   0.00000
JAN-12-2006  04:04:00      0.00    0.0000   0.00616   0.00000   0.00066   0.00000   0.00000   0.00009   0.00000   0.00000
JAN-12-2006  04:06:00      0.00    0.0000   0.00612   0.00000   0.00066   0.00000   0.00000   0.00009   0.00000   0.00000
JAN-12-2006  04:08:00      0.00    0.0000   0.00607   0.00000   0.00065   0.00000   0.00000   0.00009   0.00000   0.00000
JAN-12-2006  04:10:00      0.00    0.0000   0.00603   0.00000   0.00065   0.00000   0.00000   0.00009   0.00000   0.00000
JAN-12-2006  04:12:00      0.00    0.0000   0.00599   0.00000   0.00064   0.00000   0.00000   0.00009   0.00000   0.00000
JAN-12-2006  04:14:00      0.00    0.0000   0.00594   0.00000   0.00064   0.00000   0.00000   0.00009   0.00000   0.00000
JAN-12-2006  04:16:00      0.00    0.0000   0.00590   0.00000   0.00063   0.00000   0.00000   0.00009   0.00000   0.00000
JAN-12-2006  04:18:00      0.00    0.0000   0.00586   0.00000   0.00063   0.00000   0.00000   0.00009   0.00000   0.00000
JAN-12-2006  04:20:00      0.00    0.0000   0.00582   0.00000   0.00063   0.00000   0.00000   0.00009   0.00000   0.00000
JAN-12-2006  04:22:00      0.00    0.0000   0.00577   0.00000   0.00062   0.00000   0.00000   0.00009   0.00000   0.00000
JAN-12-2006  04:24:00      0.00    0.0000   0.00573   0.00000   0.00062   0.00000   0.00000   0.00008   0.00000   0.00000
JAN-12-2006  04:26:00      0.00    0.0000   0.00569   0.00000   0.00061   0.00000   0.00000   0.00008   0.00000   0.00000
JAN-12-2006  04:28:00      0.00    0.0000   0.00565   0.00000   0.00061   0.00000   0.00000   0.00008   0.00000   0.00000
JAN-12-2006  04:30:00      0.00    0.0000   0.00561   0.00000   0.00060   0.00000   0.00000   0.00008   0.00000   0.00000
JAN-12-2006  04:32:00      0.00    0.0000   0.00557   0.00000   0.00060   0.00000   0.00000   0.00008   0.00000   0.00000
JAN-12-2006  04:34:00      0.00    0.0000   0.00553   0.00000   0.00059   0.00000   0.00000   0.00008   0.00000   0.00000
JAN-12-2006  04:36:00      0.00    0.0000   0.00549   0.00000   0.00059   0.00000   0.00000   0.00008   0.00000   0.00000
JAN-12-2006  04:38:00      0.00    0.0000   0.00545   0.00000   0.00059   0.00000   0.00000   0.00008   0.00000   0.00000
JAN-12-2006  04:40:00      0.00    0.0000   0.00542   0.00000   0.00058   0.00000   0.00000   0.00008   0.00000   0.00000
JAN-12-2006  04:42:00      0.00    0.0000   0.00538   0.00000   0.00058   0.00000   0.00000   0.00008   0.00000   0.00000
JAN-12-2006  04:44:00      0.00    0.0000   0.00534   0.00000   0.00057   0.00000   0.00000   0.00008   0.00000   0.00000
JAN-12-2006  04:46:00      0.00    0.0000   0.00530   0.00000   0.00057   0.00000   0.00000   0.00008   0.00000   0.00000
JAN-12-2006  04:48:00      0.00    0.0000   0.00527   0.00000   0.00057   0.00000   0.00000   0.00008   0.00000   0.00000
JAN-12-2006  04:50:00      0.00    0.0000   0.00523   0.00000   0.00056   0.00000   0.00000   0.00008   0.00000   0.00000
JAN-12-2006  04:52:00      0.00    0.0000   0.00520   0.00000   0.00056   0.00000   0.00000   0.00008   0.00000   0.00000
JAN-12-2006  04:54:00      0.00    0.0000   0.00516   0.00000   0.00055   0.00000   0.00000   0.00008   0.00000   0.00000
JAN-12-2006  04:56:00      0.00    0.0000   0.00512   0.00000   0.00055   0.00000   0.00000   0.00008   0.00000   0.00000
JAN-12-2006  04:58:00      0.00    0.0000   0.00509   0.00000   0.00055   0.00000   0.00000   0.00008   0.00000   0.00000
JAN-12-2006  05:00:00      0.00    0.0000   0.00505   0.00000   0.00054   0.00000   0.00000   0.00007   0.00000   0.00000
JAN-12-2006  05:02:00      0.00    0.0000   0.00502   0.00000   0.00054   0.00000   0.00000   0.00007   0.00000   0.00000
JAN-12-2006  05:04:00      0.00    0.0000   0.00499   0.00000   0.00054   0.00000   0.00000   0.00007   0.00000   0.00000
JAN-12-2006  05:06:00      0.00    0.0000   0.00495   0.00000   0.00053   0.00000   0.00000   0.00007   0.00000   0.00000
JAN-12-2006  05:08:00      0.00    0.0000   0.00492   0.00000   0.00053   0.00000   0.00000   0.00007   0.00000   0.00000
JAN-12-2006  05:10:00      0.00    0.0000   0.00489   0.00000   0.00053   0.00000   0.00000   0.00007   0.00000   0.00000
JAN-12-2006  05:12:00      0.00    0.0000   0.00485   0.00000   0.00052   0.00000   0.00000   0.00007   0.00000   0.00000
JAN-12-2006  05:14:00      0.00    0.0000   0.00482   0.00000   0.00052   0.00000   0.00000   0.00007   0.00000   0.00000
JAN-12-2006  05:16:00      0.00    0.0000   0.00479   0.00000   0.00051   0.00000   0.00000   0.00007   0.00000   0.00000
JAN-12-2006  05:18:00      0.00    0.0000   0.00476   0.00000   0.00051   0.00000   0.00000   0.00007   0.00000   0.00000
JAN-12-2006  05:20:00      0.00    0.0000   0.00473   0.00000   0.00051   0.00000   0.00000   0.00007   0.00000   0.00000
JAN-12-2006  05:22:00      0.00    0.0000   0.00470   0.00000   0.00050   0.00000   0.00000   0.00007   0.00000   0.00000
JAN-12-2006  05:24:00      0.00    0.0000   0.00466   0.00000   0.00050   0.00000   0.00000   0.00007   0.00000   0.00000
JAN-12-2006  05:26:00      0.00    0.0000   0.00463   0.00000   0.00050   0.00000   0.00000   0.00007   0.00000   0.00000
JAN-12-2006  05:28:00      0.00    0.0000   0.00460   0.00000   0.00049   0.00000   0.00000   0.00007   0.00000   0.00000
JAN-12-2006  05:30:00      0.00    0.0000   0.00457   0.00000   0.00049   0.00000   0.00000   0.00007   0.00000   0.00000
JAN-12-2006  05:32:00      0.00    0.0000   0.00454   0.00000   0.00049   0.00000   0.00000   0.00007   0.00000   0.00000
JAN-12-2006  05:34:00      0.00    0.0000   0.00451   0.00000   0.00049   0.00000   0.00000   0.00007   0.00000   0.00000
JAN-12-2006  05:36:00      0.00    0.0000   0.00448   0.00000   0.00048   0.00000   0.00000   0.00007   0.00000   0.00000
JAN-12-2006  05:38:00      0.00    0.0000   0.00446   0.00000   0.00048   0.00000   0.00000   0.00007   0.00000   0.00000
JAN-12-2006  05:40:00      0.00    0.0000   0.00443   0.00000   0.00048   0.00000   0.00000   0.00007   0.00000   0.00000
JAN-12-2006  05:42:00      0.00    0.0000   0.00440   0.00000   0.00047   0.00000   0.00000   0.00007   0.00000   0.00000
JAN-12-2006  05:44:00      0.00    0.0000   0.00437   0.00000   0.00047   0.00000   0.00000   0.00006   0.00000   0.00000
JAN-12-2006  05:46:00      0.00    0.0000   0.00434   0.00000   0.00047   0.00000   0.00000   0.00006   0.00000   0.00000
JAN-12-2006  05:48:00      0.00    0.0000   0.00431   0.00000   0.00046   0.00000   0.00000   0.00006   0.00000   0.00000
JAN-12-2006  05:50:00      0.00    0.0000   0.00429   0.00000   0.00046   0.00000   0.00000   0.00006   0.00000   0.00000
JAN-12-2006  05:52:00      0.00    0.0000   0.00426   0.00000   0.00046   0.00000   0.00000   0.00006   0.00000   0.00000
JAN-12-2006  05:54:00      0.00    0.0000   0.00423   0.00000   0.00045   0.00000   0.00000   0.00006   0.00000   0.00000
JAN-12-2006  05:56:00      0.00    0.0000   0.00421   0.00000   0.00045   0.00000   0.00000   0.00006   0.00000   0.00000
JAN-12-2006  05:58:00      0.00    0.0000   0.00418   0.00000   0.00045   0.00000   0.00000   0.00006   0.00000   0.00000
JAN-12-2006  06:00:00      0.00    0.0000   0.00415   0.00000   0.00045   0.00000   0.00000   0.00006   0.00000   0.00000
JAN-12-2006  06:02:00      0.00    0.0000   0.00413   0.00000   0.00044   0.00000   0.00000   0.00006   0.00000   0.00000
JAN-12-2006  06:04:00      0.00    0.0000   0.00410   0.00000   0.00044   0.00000   0.00000   0.00006   0.00000   0.00000
JAN-12-2006  06:06:00      0.00    0.0000   0.00408   0.00000   0.00044   0.00000   0.00000   0.00006   0.00000   0.00000
JAN-12-2006  06:08:00      0.00    0.0000   0.00405   0.00000   0.00044   0.00000   0.00000   0.00006   0.00000   0.00000
JAN-12-2006  06:10:00      0.00    0.0000   0.00403   0.00000   0.00043   0.00000   0.00000   0.00006   0.00000   0.00000
JAN-12-2006  06:12:00      0.00    0.0000   0.00400   0.00000   0.00043   0.00000   0.00000   0.00006   0.00000   0.00000
JAN-12-2006  06:14:00      0.00    0.0000   0.00398   0.00000   0.00043   0.00000   0.00000   0.00006   0.00000   0.00000
JAN-12-2006  06:16:00      0.00    0.0000   0.00395   0.00000   0.00042   0.00000   0.00000   0.00006   0.00000   0.00000
JAN-12-2006  06:18:00      0.00    0.0000   0.00393   0.00000   0.00042   0.00000   0.00000   0.00006   0.00000   0.00000
JAN-12-2006  06:20:00      0.00    0.0000   0.00390   0.00000   0.00042   0.00000   0.00000   0.00006   0.00000   0.00000
JAN-12-2006  06:22:00      0.00    0.0000   0.00388   0.00000   0.00042   0.00000   0.00000   0.00006   0.00000   0.00000
JAN-12-2006  06:24:00      0.00    0.0000   0.00386   0.00000   0.00041   0.00000   0.00000   0.00006   0.00000   0.00000
JAN-12-2006  06:26:00      0.00    0.0000   0.00383   0.00000   0.00041   0.00000   0.00000   0.00006   0.00000   0.00000
JAN-12-2006  06:28:00      0.00    0.0000   0.00381   0.00000   0.00041   0.00000   0.00000   0.00006   0.00000   0.00000
JAN-12-2006  06:30:00      0.00    0.0000   0.00379   0.00000   0.00041   0.00000   0.00000   0.00006   0.00000   0.00000
JAN-12-2006  06:32:00      0.00    0.0000   0.00376   0.00000   0.00040   0.00000   0.00000   0.00006   0.00000   0.00000
JAN-12-2006  06:34:00      0.00    0.0000   0.00374   0.00000   0.00040   0.00000   0.00000   0.00006   0.00000   0.00000
JAN-12-2006  06:36:00      0.00    0.0000   0.00372   0.00000   0.00040   0.00000   0.00000   0.00006   0.00000   0.00000
JAN-12-2006  06:38:00      0.00    0.0000   0.00370   0.00000   0.00040   0.00000   0.00000   0.00005   0.00000   0.00000
JAN-12-2006  06:40:00      0.00    0.0000   0.00367   0.00000   0.00039   0.00000   0.00000   0.00005   0.00000   0.00000
JAN-12-2006  06:42:00      0.00    0.0000   0.00365   0.00000   0.00039   0.00000   0.00000   0.00005   0.00000   0.00000
JAN-12-2006  06:44:00      0.00    0.0000   0.00363   0.00000   0.00039   0.00000   0.00000   0.00005   0.00000   0.00000
JAN-12-2006  06:46:00      0.00    0.0000   0.00361   0.00000   0.00039   0.00000   0.00000   0.00005   0.00000   0.00000
JAN-12-2006  06:48:00      0.00    0.0000   0.00359   0.00000   0.00039   0.00000   0.00000   0.00005   0.00000   0.00000
JAN-12-2006  06:50:00      0.00    0.0000   0.00357   0.00000   0.00038   0.00000   0.00000   0.00005   0.00000   0.00000
JAN-12-2006  06:52:00      0.00    0.0000   0.00354   0.00000   0.00038   0.00000   0.00000   0.00005   0.00000   0.00000
JAN-12-2006  06:54:00      0.00    0.0000   0.00352   0.00000   0.00038   0.00000   0.00000   0.00005   0.00000   0.00000
JAN-12-2006  06:56:00      0.00    0.0000   0.00350   0.00000   0.00038   0.00000   0.00000   0.00005   0.00000   0.00000
JAN-12-2006  06:58:00      0.00    0.0000   0.00348   0.00000   0.00037   0.00000   0.00000   0.00005   0.00000   0.00000
JAN-12-2006  07:00:00      0.00    0.0000   0.00346   0.00000   0.00037   0.00000   0.00000   0.00005   0.00000   0.00000
JAN-12-2006  07:02:00      0.00    0.0000   0.00344   0.00000   0.00037   0.00000   0.00000   0.00005   0.00000   0.00000
JAN-12-2006  07:04:00      0.00    0.0000   0.00342   0.00000   0.00037   0.00000   0.00000   0.00005   0.00000   0.00000
JAN-12-2006  07:06:00      0.00    0.0000   0.00340   0.00000   0.00037   0.00000   0.00000   0.00005   0.00000   0.00000
JAN-12-2006  07:08:00      0.00    0.0000   0.00338   0.00000   0.00036   0.00000   0.00000   0.00005   0.00000   0.00000
JAN-12-2006  07:10:00      0.00    0.0000   0.00336   0.00000   0.00036   0.00000   0.00000   0.00005   0.00000   0.00000
JAN-12-2006  07:12:00      0.00    0.0000   0.00334   0.00000   0.00036   0.00000   0.00000   0.00005   0.00000   0.00000
JAN-12-2006  07:14:00      0.00    0.0000   0.00332   0.00000   0.00036   0.00000   0.00000   0.00005   0.00000   0.00000
JAN-12-2006  07:16:00      0.00    0.0000   0.00330   0.00000   0.00036   0.00000   0.00000   0.00005   0.00000   0.00000
JAN-12-2006  07:18:00      0.00    0.0000   0.00329   0.00000   0.00035   0.00000   0.00000   0.00005   0.00000   0.00000
JAN-12-2006  07:20:00      0.00    0.0000   0.00327   0.00000   0.00035   0.00000   0.00000   0.00005   0.00000   0.00000
JAN-12-2006  07:22:00      0.00    0.0000   0.00325   0.00000   0.00035   0.00000   0.00000   0.00005   0.00000   0.00000
JAN-12-2006  07:24:00      0.00    0.0000   0.00323   0.00000   0.00035   0.00000   0.00000   0.00005   0.00000   0.00000
JAN-12-2006  07:26:00      0.00    0.0000   0.00321   0.00000   0.00035   0.00000   0.00000   0.00005   0.00000   0.00000
JAN-12-2006  07:28:00      0.00    0.0000   0.00319   0.00000   0.00034   0.00000   0.00000   0.00005   0.00000   0.00000
JAN-12-2006  07:30:00      0.00    0.0000   0.00318   0.00000   0.00034   0.00000   0.00000   0.00005   0.00000   0.00000
JAN-12-2006  07:32:00      0.00    0.0000   0.00316   0.00000   0.00034   0.00000   0.00000   0.00005   0.00000   0.00000
JAN-12-2006  07:34:00      0.00    0.0000   0.00314   0.00000   0.00034   0.00000   0.00000   0.00005   0.00000   0.00000
JAN-12-2006  07:36:00      0.00    0.0000   0.00312   0.00000   0.00034   0.00000   0.00000   0.00005   0.00000   0.00000
JAN-12-2006  07:38:00      0.00    0.0000   0.00310   0.00000   0.00033   0.00000   0.00000   0.00005   0.00000   0.00000
JAN-12-2006  07:40:00      0.00    0.0000   0.00309   0.00000   0.00033   0.00000   0.00000   0.00005   0.00000   0.00000
JAN-12-2006  07:42:00      0.00    0.0000   0.00307   0.00000   0.00033   0.00000   0.00000   0.00005   0.00000   0.00000
JAN-12-2006  07:44:00      0.00    0.0000   0.00305   0.00000   0.00033   0.00000   0.00000   0.00005   0.00000   0.00000
JAN-12-2006  07:46:00      0.00    0.0000   0.00304   0.00000   0.00033   0.00000   0.00000   0.00005   0.00000   0.00000
JAN-12-2006  07:48:00      0.00    0.0000   0.00302   0.00000   0.00032   0.00000   0.00000   0.00004   0.00000   0.00000
JAN-12-2006  07:50:00      0.00    0.0000   0.00300   0.00000   0.00032   0.00000   0.00000   0.00004   0.00000   0.00000
JAN-12-2006  07:52:00      0.00    0.0000   0.00299   0.00000   0.00032   0.00000   0.00000   0.00004   0.00000   0.00000
JAN-12-2006  07:54:00      0.00    0.0000   0.00297   0.00000   0.00032   0.00000   0.00000   0.00004   0.00000   0.00000
JAN-12-2006  07:56:00      0.00    0.0000   0.00295   0.00000   0.00032   0.00000   0.00000   0.00004   0.00000   0.00000
JAN-12-2006  07:58:00      0.00    0.0000   0.00294   0.00000   0.00032   0.00000   0.00000   0.00004   0.00000   0.00000
JAN-12-2006  08:00:00      0.00    0.0000   0.00292   0.00000   0.00031   0.00000   0.00000   0.00004   0.00000   0.00000
JAN-12-2006  08:02:00      0.00    0.0000   0.00291   0.00000   0.00031   0.00000   0.00000   0.00004   0.00000   0.00000
JAN-12-2006  08:04:00      0.00    0.0000   0.00289   0.00000   0.00031   0.00000   0.00000   0.00004   0.00000   0.00000
JAN-12-2006  08:06:00      0.00    0.0000   0.00287   0.00000   0.00031   0.00000   0.00000   0.00004   0.00000   0.00000
JAN-12-2006  08:08:00      0.00    0.0000   0.00286   0.00000   0.00031   0.00000   0.00000   0.00004   0.00000   0.00000
JAN-12-2006  08:10:00      0.00    0.0000   0.00284   0.00000   0.00031   0.00000   0.00000   0.00004   0.00000   0.00000
JAN-12-2006  08:12:00      0.00    0.0000   0.00283   0.00000   0.00030   0.00000   0.00000   0.00004   0.00000   0.00000
JAN-12-2006  08:14:00      0.00    0.0000   0.00281   0.00000   0.00030   0.00000   0.00000   0.00004   0.00000   0.00000
JAN-12-2006  08:16:00      0.00    0.0000   0.00280   0.00000   0.00030   0.00000   0.00000   0.00004   0.00000   0.00000
JAN-12-2006  08:18:00      0.00    0.0000   0.00278   0.00000   0.00030   0.00000   0.00000   0.00004   0.00000   0.00000
JAN-12-2006  08:20:00      0.00    0.0000   0.00277   0.00000   0.00030   0.00000   0.00000   0.00004   0.00000   0.00000
JAN-12-2006  08:22:00      0.00    0.0000   0.00275   0.00000   0.00030   0.00000   0.00000   0.00004   0.00000   0.00000
JAN-12-2006  08:24:00      0.00    0.0000   0.00274   0.00000   0.00029   0.00000   0.00000   0.00004   0.00000   0.00000
JAN-12-2006  08:26:00      0.00    0.0000   0.00272   0.00000   0.00029   0.00000   0.00000   0.00004   0.00000   0.00000
JAN-12-2006  08:28:00      0.00    0.0000   0.00271   0.00000   0.00029   0.00000   0.00000   0.00004   0.00000   0.00000
JAN-12-2006  08:30:00      0.00    0.0000   0.00269   0.00000   0.00029   0.00000   0.00000   0.00004   0.00000   0.00000
JAN-12-2006  08:32:00      0.00    0.0000   0.00268   0.00000   0.00029   0.00000   0.00000   0.00004   0.00000   0.00000
JAN-12-2006  08:34:00      0.00    0.0000   0.00267   0.00000   0.00029   0.00000   0.00000   0.00004   0.00000   0.00000
JAN-12-2006  08:36:00      0.00    0.0000   0.00265   0.00000   0.00029   0.00000   0.00000   0.00004   0.00000   0.00000
JAN-12-2006  08:38:00      0.00    0.0000   0.00264   0.00000   0.00028   0.00000   0.00000   0.00004   0.00000   0.00000
JAN-12-2006  08:40:00      0.00    0.0000   0.00262   0.00000   0.00028   0.00000   0.00000   0.00004   0.00000   0.00000
JAN-12-2006  08:42:00      0.00    0.0000   0.00261   0.00000   0.00028   0.00000   0.00000   0.00004   0.00000   0.00000
JAN-12-2006  08:44:00      0.00    0.0000   0.00260   0.00000   0.00028   0.00000   0.00000   0.00004   0.00000   0.00000
JAN-12-2006  08:46:00      0.00    0.0000   0.00258   0.00000   0.00028   0.00000   0.00000   0.00004   0.00000   0.00000
JAN-12-2006  08:48:00      0.00    0.0000   0.00257   0.00000   0.00028   0.00000   0.00000   0.00004   0.00000   0.00000
JAN-12-2006  08:50:00      0.00    0.0000   0.00256   0.00000   0.00027   0.00000   0.00000   0.00004   0.00000   0.00000
JAN-12-2006  08:52:00      0.00    0.0000   0.00254   0.00000   0.00027   0.00000   0.00000   0.00004   0.00000   0.00000
JAN-12-2006  08:54:00      0.00    0.0000   0.00253   0.00000   0.00027   0.00000   0.00000   0.00004   0.00000   0.00000
JAN-12-2006  08:56:00      0.00    0.0000   0.00252   0.00000   0.00027   0.00000   0.00000   0.00004   0.00000   0.00000
JAN-12-2006  08:58:00      0.00    0.0000   0.00250   0.00000   0.00027   0.00000   0.00000   0.00004   0.00000   0.00000
JAN-12-2006  09:00:00      0.00    0.0000   0.00249   0.00000   0.00027   0.00000   0.00000   0.00004   0.00000   0.00000
JAN-12-2006  09:02:00      0.00    0.0000   0.00248   0.00000   0.00027   0.00000   0.00000   0.00004   0.00000   0.00000
JAN-12-2006  09:04:00      0.00    0.0000   0.00247   0.00000   0.00027   0.00000   0.00000   0.00004   0.00000   0.00000
JAN-12-2006  09:06:00      0.00    0.0000   0.00245   0.00000   0.00026   0.00000   0.00000   0.00004   0.00000   0.00000
JAN-12-2006  09:08:00      0.00    0.0000   0.00244   0.00000   0.00026   0.00000   0.00000   0.00004   0.00000   0.00000
JAN-12-2006  09:10:00      0.00    0.0000   0.00243   0.00000   0.00026   0.00000   0.00000   0.00004   0.00000   0.00000
JAN-12-2006  09:12:00      0.00    0.0000   0.00242   0.00000   0.00026   0.00000   0.00000   0.00004   0.00000   0.00000
JAN-12-2006  09:14:00      0.00    0.0000   0.00240   0.00000   0.00026   0.00000   0.00000   0.00004   0.00000   0.00000
JAN-12-2006  09:16:00      0.00    0.0000   0.00239   0.00000   0.00026   0.00000   0.00000   0.00004   0.00000   0.00000
JAN-12-2006  09:18:00      0.00    0.0000   0.00238   0.00000   0.00026   0.00000   0.00000   0.00004   0.00000   0.00000
JAN-12-2006  09:20:00      0.00    0.0000   0.00237   0.00000   0.00025   0.00000   0.00000   0.00004   0.00000   0.00000
JAN-12-2006  09:22:00      0.00    0.0000   0.00236   0.00000   0.00025   0.00000   0.00000   0.00003   0.00000   0.00000
JAN-12-2006  09:24:00      0.00    0.0000   0.00235   0.00000   0.00025   0.00000   0.00000   0.00003   0.00000   0.00000
JAN-12-2006  09:26:00      0.00    0.0000   0.00233   0.00000   0.00025   0.00000   0.00000   0.00003   0.00000   0.00000
JAN-12-2006  09:28:00      0.00    0.0000   0.00232   0.00000   0.00025   0.00000   0.00000   0.00003   0.00000   0.00000
JAN-12-2006  09:30:00      0.00    0.0000   0.00231   0.00000   0.00025   0.00000   0.00000   0.00003   0.00000   0.00000
JAN-12-2006  09:32:00      0.00    0.0000   0.00230   0.00000   0.00025   0.00000   0.00000   0.00003   0.00000   0.00000
JAN-12-2006  09:34:00      0.00    0.0000   0.00229   0.00000   0.00025   0.00000   0.00000   0.00003   0.00000   0.00000
JAN-12-2006  09:36:00      0.00    0.0000   0.00228   0.00000   0.00024   0.00000   0.00000   0.00003   0.00000   0.00000
JAN-12-2006  09:38:00      0.00    0.0000   0.00226   0.00000   0.00024   0.00000   0.00000   0.00003   0.00000   0.00000
JAN-12-2006  09:40:00      0.00    0.0000   0.00225   0.00000   0.00024   0.00000   0.00000   0.00003   0.00000   0.00000
JAN-12-2006  09:42:00      0.00    0.0000   0.00224   0.00000   0.00024   0.00000   0.00000   0.00003   0.00000   0.00000
JAN-12-2006  09:44:00      0.00    0.0000   0.00223   0.00000   0.00024   0.00000   0.00000   0.00003   0.00000   0.00000
JAN-12-2006  09:46:00      0.00    0.0000   0.00222   0.00000   0.00024   0.00000   0.00000   0.00003   0.00000   0.00000
JAN-12-2006  09:48:00      0.00    0.0000   0.00221   0.00000   0.00024   0.00000   0.00000   0.00003   0.00000   0.00000
JAN-12-2006  09:50:00      0.00    0.0000   0.00220   0.00000   0.00024   0.00000   0.00000   0.00003   0.00000   0.00000
JAN-12-2006  09:52:00      0.00    0.0000   0.00219   0.00000   0.00024   0.00000   0.00000   0.00003   0.00000   0.00000
JAN-12-2006  09:54:00      0.00    0.0000   0.00218   0.00000   0.00023   0.00000   0.00000   0.00003   0.00000   0.00000
JAN-12-2006  09:56:00      0.00    0.0000   0.00217   0.00000   0.00023   0.00000   0.00000   0.00003   0.00000   0.00000
JAN-12-2006  09:58:00      0.00    0.0000   0.00216   0.00000   0.00023   0.00000   0.00000   0.00003   0.00000   0.00000
JAN-12-2006  10:00:00      0.00    0.0000   0.00215   0.00000   0.00023   0.00000   0.00000   0.00003   0.00000   0.00000
JAN-12-2006  10:02:00      0.00    0.0000   0.00214   0.00000   0.00023   0.00000   0.00000   0.00003   0.00000   0.00000
JAN-12-2006  10:04:00      0.00    0.0000   0.00213   0.00000   0.00023   0.00000   0.00000   0.00003   0.00000   0.00000
JAN-12-2006  10:06:00      0.00    0.0000   0.00212   0.00000   0.00023   0.00000   0.00000   0.00003   0.00000   0.00000
JAN-12-2006  10:08:00      0.00    0.0000   0.00211   0.00000   0.00023   0.00000   0.00000   0.00003   0.00000   0.00000
JAN-12-2006  10:10:00      0.00    0.0000   0.00210   0.00000   0.00023   0.00000   0.00000   0.00003   0.00000   0.00000
JAN-12-2006  10:12:00      0.00    0.0000   0.00209   0.00000   0.00022   0.00000   0.00000   0.00003   0.00000   0.00000
JAN-12-2006  10:14:00      0.00    0.0000   0.00208   0.00000   0.00022   0.00000   0.00000   0.00003   0.00000   0.00000
JAN-12-2006  10:16:00      0.00    0.0000   0.00207   0.00000   0.00022   0.00000   0.00000   0.00003   0.00000   0.00000
JAN-12-2006  10:18:00      0.00    0.0000   0.00206   0.00000   0.00022   0.00000   0.00000   0.00003   0.00000   0.00000
JAN-12-2006  10:20:00      0.00    0.0000   0.00205   0.00000   0.00022   0.00000   0.00000   0.00003   0.00000   0.00000
JAN-12-2006  10:22:00      0.00    0.0000   0.00204   0.00000   0.00022   0.00000   0.00000   0.00003   0.00000   0.00000
JAN-12-2006  10:24:00      0.00    0.0000   0.00203   0.00000   0.00022   0.00000   0.00000   0.00003   0.00000   0.00000
JAN-12-2006  10:26:00      0.00    0.0000   0.00202   0.00000   0.00022   0.00000   0.00000   0.00003   0.00000   0.00000
JAN-12-2006  10:28:00      0.00    0.0000   0.00201   0.00000   0.00022   0.00000   0.00000   0.00003   0.00000   0.00000
JAN-12-2006  10:30:00      0.00    0.0000   0.00200   0.00000   0.00021   0.00000   0.00000   0.00003   0.00000   0.00000
JAN-12-2006  10:32:00      0.00    0.0000   0.00199   0.00000   0.00021   0.00000   0.00000   0.00003   0.00000   0.00000
JAN-12-2006  10:34:00      0.00    0.0000   0.00198   0.00000   0.00021   0.00000   0.00000   0.00003   0.00000   0.00000
JAN-12-2006  10:36:00      0.00    0.0000   0.00197   0.00000   0.00021   0.00000   0.00000   0.00003   0.00000   0.00000
JAN-12-2006  10:38:00      0.00    0.0000   0.00196   0.00000   0.00021   0.00000   0.00000   0.00003   0.00000   0.00000
JAN-12-2006  10:40:00      0.00    0.0000   0.00195   0.00000   0.00021   0.00000   0.00000   0.00003   0.00000   0.00000
JAN-12-2006  10:42:00      0.00    0.0000   0.00194   0.00000   0.00021   0.00000   0.00000   0.00003   0.00000   0.00000
JAN-12-2006  10:44:00      0.00    0.0000   0.00193   0.00000   0.00021   0.00000   0.00000   0.00003   0.00000   0.00000
JAN-12-2006  10:46:00      0.00    0.0000   0.00192   0.00000   0.00021   0.00000   0.00000   0.00003   0.00000   0.00000
JAN-12-2006  10:48:00      0.00    0.0000   0.00192   0.00000   0.00021   0.00000   0.00000   0.00003   0.00000   0.00000
JAN-12-2006  10:50:00      0.00    0.0000   0.00191   0.00000   0.00021   0.00000   0.00000   0.00003   0.00000   0.00000
JAN-12-2006  10:52:00      0.00    0.0000   0.00190   0.00000   0.00020   0.00000   0.00000   0.00003   0.00000   0.00000
JAN-12-2006  10:54:00      0.00    0.0000   0.00189   0.00000   0.00020   0.00000   0.00000   0.00003   0.00000   0.00000
JAN-12-2006  10:56:00      0.00    0.0000   0.00188   0.00000   0.00020   0.00000   0.00000   0.00003   0.00000   0.00000
JAN-12-2006  10:58:00      0.00    0.0000   0.00187   0.00000   0.00020   0.00000   0.00000   0.00003   0.00000   0.00000
JAN-12-2006  11:00:00      0.00    0.0000   0.00186   0.00000   0.00020   0.00000   0.00000   0.00003   0.00000   0.00000
JAN-12-2006  11:02:00      0.00    0.0000   0.00186   0.00000   0.00020   0.00000   0.00000   0.00003   0.00000   0.00000
JAN-12-2006  11:04:00      0.00    0.0000   0.00185   0.00000   0.00020   0.00000   0.00000   0.00003   0.00000   0.00000
JAN-12-2006  11:06:00      0.00    0.0000   0.00184   0.00000   0.00020   0.00000   0.00000   0.00003   0.00000   0.00000
JAN-12-2006  11:08:00      0.00    0.0000   0.00183   0.00000   0.00020   0.00000   0.00000   0.00003   0.00000   0.00000
JAN-12-2006  11:10:00      0.00    0.0000   0.00182   0.00000   0.00020   0.00000   0.00000   0.00003   0.00000   0.00000
JAN-12-2006  11:12:00      0.00    0.0000   0.00181   0.00000   0.00019   0.00000   0.00000   0.00003   0.00000   0.00000
JAN-12-2006  11:14:00      0.00    0.0000   0.00181   0.00000   0.00019   0.00000   0.00000   0.00003   0.00000   0.00000
JAN-12-2006  11:16:00      0.00    0.0000   0.00180   0.00000   0.00019   0.00000   0.00000   0.00003   0.00000   0.00000
JAN-12-2006  11:18:00      0.00    0.0000   0.00179   0.00000   0.00019   0.00000   0.00000   0.00003   0.00000   0.00000
JAN-12-2006  11:20:00      0.00    0.0000   0.00178   0.00000   0.00019   0.00000   0.00000   0.00003   0.00000   0.00000
JAN-12-2006  11:22:00      0.00    0.0000   0.00177   0.00000   0.00019   0.00000   0.00000   0.00003   0.00000   0.00000
JAN-12-2006  11:24:00      0.00    0.0000   0.00177   0.00000   0.00019   0.00000   0.00000   0.00003   0.00000   0.00000
JAN-12-2006  11:26:00      0.00    0.0000   0.00176   0.00000   0.00019   0.00000   0.00000   0.00003   0.00000   0.00000
JAN-12-2006  11:28:00      0.00    0.0000   0.00175   0.00000   0.00019   0.00000   0.00000   0.00003   0.00000   0.00000
JAN-12-2006  11:30:00      0.00    0.0000   0.00174   0.00000   0.00019   0.00000   0.00000   0.00003   0.00000   0.00000
JAN-12-2006  11:32:00      0.00    0.0000   0.00173   0.00000   0.00019   0.00000   0.00000   0.00003   0.00000   0.00000
JAN-12-2006  11:34:00      0.00    0.0000   0.00173   0.00000   0.00019   0.00000   0.00000   0.00003   0.00000   0.00000
JAN-12-2006  11:36:00      0.00    0.0000   0.00172   0.00000   0.00018   0.00000   0.00000   0.00003   0.00000   0.00000
JAN-12-2006  11:38:00      0.00    0.0000   0.00171   0.00000   0.00018   0.00000   0.00000   0.00003   0.00000   0.00000
JAN-12-2006  11:40:00      0.00    0.0000   0.00170   0.00000   0.00018   0.00000   0.00000   0.00003   0.00000   0.00000
JAN-12-2006  11:42:00      0.00    0.0000   0.00170   0.00000   0.00018   0.00000   0.00000   0.00003   0.00000   0.00000
JAN-12-2006  11:44:00      0.00    0.0000   0.00169   0.00000   0.00018   0.00000   0.00000   0.00003   0.00000   0.00000
JAN-12-2006  11:46:00      0.00    0.0000   0.00168   0.00000   0.00018   0.00000   0.00000   0.00002   0.00000   0.00000
JAN-12-2006  11:48:00      0.00    0.0000   0.00167   0.00000   0.00018   0.00000   0.00000   0.00002   0.00000   0.00000
JAN-12-2006  11:50:00      0.00    0.0000   0.00167   0.00000   0.00018   0.00000   0.00000   0.00002   0.00000   0.00000
JAN-12-2006  11:52:00      0.00    0.0000   0.00166   0.00000   0.00018   0.00000   0.00000   0.00002   0.00000   0.00000
JAN-12-2006  11:54:00      0.00    0.0000   0.00165   0.00000   0.00018   0.00000   0.00000   0.00002   0.00000   0.00000
JAN-12-2006  11:56:00      0.00    0.0000   0.00165   0.00000   0.00018   0.00000   0.00000   0.00002   0.00000   0.00000
JAN-12-2006  11:58:00      0.00    0.0000   0.00164   0.00000   0.00018   0.00000   0.00000   0.00002   0.00000   0.00000
JAN-12-2006  12:00:00      0.00    0.0000   0.00163   0.00000   0.00018   0.00000   0.00000   0.00002   0.00000   0.00000