0
0
0
0
0
0
0
0
0
0
0
0
0
0.001153846
0
0
0
0
0
0.001153846
0
0
0
0
0
0
0
0
0
0
0
0
0
0
0
0
0
0
0
0
0
0
0
0
0
0
0
0
0
0
0
0
0
0
0
0
0
0
0
0
0
0
0
0
0
0
0
0
0
0
0
0.230769231
0.807692308
1.361538462
1.658076923
1.787307692
1.990384615
2.170384615
2.477307692
2.809615385
3.214615385
3.452307692
3.601153846
3.804230769
3.804230769
3.804230769
3.804230769
3.804230769
4.176923077
4.122692308
4.122692308
4.014230769
4.014230769
3.308076923
3.121153846
3.214615385
3.167307692
3.076153846
2.986153846
2.641153846
2.682692308
2.724230769
2.641153846
2.558076923
2.558076923
2.438076923
2.321538462
2.321538462
2.517692308
2.438076923
2.321538462
2.321538462
2.282307692
2.133461538
2.060769231
1.886538462
1.721538462
1.626923077
1.390384615
1.307307692
1.253076923
1.226538462
1.174615385
1.279615385
1.253076923
1.174615385
1.125
1.099615385
1.003846154
1.003846154
1.003846154
0.958846154
0.913846154
0.87
0.87
0.87
0.828461538
0.788076923
0.788076923
0.729230769
0.729230769
0.709615385
0.729230769
0.788076923
0.709615385
0.618461538
0.602307692
0.551538462
0.551538462
0.504230769
0.504230769
0.489230769
0.459230769
0.417692308
0.403846154
0.403846154
0.403846154
0.377307692
0.364615385
0.339230769
0.327692308
0.316153846
0.293076923
0.339230769
0.327692308
0.293076923
0.260769231
0.230769231
0.118846154
0.078461538
0.064615385
0.048461538
0.043846154
0.028846154
0.006923077
0.004615385
0
0
0.001153846
0.001153846
0
0
0
0
0
0
0
0
0.001153846
0
0
0
0
0
0
0
0
0
0
0
0
0
0
0
0
0
0
0
0
0
0
0
0
0
0
0
0
0
0.001153846
0
0
0
0
0.001153846
0.001153846
0
0
0
0
0.001153846
0
0
0
0.001153846
0
0
0
0
0
0
0
0
0
0
0
0
0.001153846
0
0
0
0
0
0
0
0
0
0
0
0
0
0
0
0
0
0
0
0
0
0
0
0.001153846
0
0
0
0
0
0
0
0
0
0
0
0
0
0
0
0
0.001153846
0
0
0
0
0
0
0
0
0.001153846
0.001153846
0
0
0.001153846
0.001153846
0
0
0.001153846
0
0
0
0
0
0
0
0
0
0
0
0
0.001153846
0
0
0
0
0
0
0
0
0
0
0
0
0
0
0
0
0
0
0
0
0
0
0
0
0
0
0
0
0
0
0
0.001153846
0
0
0
0
0
0
0
0
0
0
0
0
0
0
0
0
0
0
0
0
0
0
0
0
0
0
0
0
0
0
0
0
0
0
0
0
0
0
0
0
0
0
0
0
0
0
0
0
0
0
0
0
0
0
0
0
0
0
0
0
0
0
0
0.001153846
0
0
0
0
0
0
0
0
0
0
0
0
0
0
0
0
0
0
0
0
0
0
0
0
0
0
0
0
0
0
0
0
0
0
0
0
0.001153846
0.001153846
0.001153846
0
0
0
0
0
0
0
0
0
0
0
0
0
0
0
0
0
0
0
0
0
0
0
0
0
0
0
0
0
0
0
0
0
0
0
0
0
0
0
0
0
0
0
0
0
0
0.001153846
0
0
0
0
0
0
0
0
0
0
0
0
0.001153846
0
0
0
0
0
0
0
0
0
0
0
0
0
0
0
0
0
0
0
0
0
0
0
0
0
0
0
0
0
0
0
0
0
0
0
0
0
0
0
0
0
0
0
0
0
0
0.001153846
0
0
0
0
0
0
0
0
0
0
0
0
0.001153846
0
0
0
0
0
0
0
0
0
0
0
0
0
0
0
0
0
0
0
0
0
0
0
0
0
0.001153846
0
0
0
0
0
0
0
0
0
0
0
0
0
0
0
0
0
0
0
0
0
0
0
0
0
0
0
0
0
0
0
0.001153846
0
0
0
0
0
0
0
0
0
0
0
0
0.001153846
0.001153846
0
0
0