  single point
      rd_width     143.0000000000000         1.000000         0.000000    
      rd_slope    0.1000000000000000         1.000000         0.000000    
      rd_rghns    2.0000000000000000E-02     1.000000         0.000000    
    dprsn_strg     5.000000000000000         1.000000         0.000000    
       sctn_hd     275.9000000000000         1.000000         0.000000    
     hyd_cndct     3.000000000000000         1.000000         0.000000    
      ntl_dfct    0.1000000000000000         1.000000         0.000000    
     strg_dpth     2164.000000000000         1.000000         0.000000    
     vgttn_vlm    0.2000000000000000         1.000000         0.000000    
     srf_rghns    0.4100000000000000         1.000000         0.000000    
     srf_slope     1.600000000000000         1.000000         0.000000    
     sid_slope     3.250000000000000         1.000000         0.000000    
       int_sat    1.0000000000000000E-02     1.000000         0.000000    
