0.6
0.6
0.6
0.6
0.6
0.6
0.6
0.6
0.6
0.6
0.6
0.6
0.6
0.6
0.6
0.6
0.6
0.6
0.6
0.6
0.6
0.6
0.6
0.6
0.6
0.6
0.6
0.6
0.6
0.6
0.6
0.6
0.6
0.6
0.6
0.6
0.6
0.6
0.6
0.6
0.6
0.6
0.6
0.6
0.6
0.6
0.6
0.6
0.6
0.6
0.6
0.6
0.6
0.6
0.6
0.6
0.6
0.6
0.6
0.6
0.6
0.6
0.6
0.6
0.6
0.6
0.6
0.6
0.6
0.6
0.6
0.6
0.6
0.6
0.6
0.6
0.6
0.6
0.6
0.6
0.6
0.6
0.6
0.6
0.6
0.6
0.6
0.6
0.6
0.6
0.6
0.6
0.6
0.6
0.6
0.6
0.6
0.6
0.6
0.6
0.6
0.6
0.6
0.6
0.6
0.6
0.6
0.6
0.6
0.6
0.6
0.6
0.6
0.6
0.6
0.6
0.6
0.6
0.6
0.6
0.6
0.6
0.6
0.6
0.6
0.6
0.6
0.6
0.6
0.6
0.6
0.6
0.6
0.6
0.6
0.84
1.32
1.8
2.4
2.88
3.48
4.08
4.56
5.04
5.52
6
6.48
6.96
7.44
7.92
8.52
9.12
9.6
10.2
10.8
11.4
12.12
13.08
14.28
16.08
18.24
21
24
27.36
30.96
35.16
39.24
43.68
47.64
50.28
52.2
53.52
54.48
55.08
55.2
54.96
54.6
54.12
53.52
53.04
52.44
51.84
51.36
51
50.76
50.76
50.88
51.24
51.72
52.2
52.56
53.04
53.4
53.64
53.76
53.76
53.52
53.4
53.04
52.68
52.2
51.72
51.24
50.64
50.16
49.68
49.08
48.6
48
47.4
46.92
46.32
45.72
45.12
44.52
43.92
43.32
42.72
42.12
41.52
40.92
40.32
39.84
39.24
38.64
38.04
37.44
36.96
36.6
36.12
35.88
35.52
35.28
35.16
35.28
35.4
35.76
36.12
36.72
37.2
37.92
38.52
39.36
40.08
40.8
41.52
42.12
42.6
42.96
43.2
43.44
43.44
43.44
43.44
43.32
43.2
42.96
42.72
42.48
42.24
42
41.76
41.52
41.16
40.92
40.56
40.32
39.96
39.6
39.24
38.88
38.52
38.16
37.68
37.32
36.96
36.48
36.12
35.64
35.28
34.92
34.56
34.32
33.96
33.72
33.36
33.24
33
32.76
32.52
32.4
32.04
32.04
31.92
31.68
31.56
31.44
31.2
31.08
30.84
30.6
30.48
30.24
30
29.76
29.52
29.28
29.04
28.68
28.44
28.2
27.84
27.6
27.36
27
26.76
26.4
26.04
25.68
25.44
25.08
24.84
24.6
24.24
24
23.76
23.52
23.16
22.92
22.68
22.32
22.08
21.84
21.6
21.36
21
20.76
20.52
20.28
20.04
19.8
19.56
19.32
19.08
18.84
18.6
18.36
18.24
18
17.88
17.64
17.52
17.28
17.16
16.92
16.8
16.56
16.44
16.32
16.08
15.96
15.72
15.6
15.48
15.24
15.12
15
14.76
14.52
14.52
14.28
14.16
14.04
13.8
13.68
13.56
13.44
13.2
13.08
12.96
12.84
12.72
12.48
12.36
12.24
12
11.88
11.76
11.64
11.52
11.4
11.28
11.16
11.04
10.92
10.8
10.68
10.68
10.56
10.44
10.32
10.2
10.08
9.96
9.84
9.72
9.6
9.6
9.48
9.36
9.24
9.12
9
8.88
8.88
8.76
8.64
8.52
8.4
8.28
8.28
8.16
8.04
7.92
7.8
7.8
7.68
7.56
7.44
7.32
7.32
7.2
7.08
6.96
6.96
6.84
6.72
6.6
6.6
6.48
6.36
6.24
6.24
6.12
6
6
5.88
5.76
5.64
5.52
5.4
5.4
5.28
5.16
5.16
5.04
5.04
4.92
4.92
4.8
4.8
4.68
4.56
4.56
4.44
4.44
4.32
4.32
4.2
4.2
4.08
4.08
3.96
3.96
3.84
3.84
3.72
3.72
3.6
3.6
3.48
3.48
3.36
3.36
3.24
3.24
3.12
3.12
3
3
2.88
2.88
2.88
2.76
2.76
2.64
2.64
2.52
2.52
2.4
2.4
2.28
2.28
2.16
2.16
2.04
2.04
2.04
1.92
1.92
1.8
1.8
1.68
1.68
1.56
1.56
1.44
1.44
1.32
1.32
1.2
1.2
1.08
1.08
0.96
