SWMM5 LID Report File

Project:  
LID Unit: BTI in Subcatchment LID

Elapsed	    Total	    Total	  Surface	     Soil	   Bottom	  Surface	    Drain	  Surface	    Soil/	  Storage
   Time	   Inflow	     Evap	    Infil	     Perc	    Infil	   Runoff	  Outflow	    Depth	    Pave 	    Depth
  Hours	    in/hr	    in/hr	    in/hr	    in/hr	    in/hr	    in/hr	    in/hr	   inches	    Moist	   inches
-------	 --------	 --------	 --------	 --------	 --------	 --------	 --------	 --------	 --------	 --------
JUN-02-2005  22:05:00      0.00    0.0000   0.00000   0.00000   0.00000   0.00000   0.00000   2.60582   0.42000   0.00000
JUN-02-2005  22:10:00      0.00    0.0000   0.00000   0.00000   0.00000   0.00000   0.00000   2.60582   0.42000   0.00000
JUN-02-2005  22:15:00      0.00    0.0000   0.00000   0.00000   0.00000   0.00000   0.00000   2.60582   0.42000   0.00000
JUN-02-2005  22:20:00      0.00    0.0000   0.00000   0.00000   0.00000   0.00000   0.00000   2.60582   0.42000   0.00000
JUN-02-2005  22:25:00      0.00    0.0000   0.00000   0.00000   0.00000   0.00000   0.00000   2.60582   0.42000   0.00000
JUN-02-2005  22:30:00      0.00    0.0000   0.00000   0.00000   0.00000   0.00000   0.00000   2.60582   0.42000   0.00000
JUN-02-2005  22:35:00      0.00    0.0000   0.00000   0.00000   0.00000   0.00000   0.00000   2.60582   0.42000   0.00000
JUN-02-2005  22:40:00      0.00    0.0000   0.00000   0.00000   0.00000   0.00000   0.00000   2.60582   0.42000   0.00000
JUN-02-2005  22:45:00      0.00    0.0000   0.00000   0.00000   0.00000   0.00000   0.00000   2.60582   0.42000   0.00000
JUN-02-2005  22:50:00      0.00    0.0000   0.00000   0.00000   0.00000   0.00000   0.00000   2.60582   0.42000   0.00000
JUN-02-2005  22:55:00      0.00    0.0000   0.00000   0.00000   0.00000   0.00000   0.00000   2.60582   0.42000   0.00000
JUN-02-2005  23:00:00      0.00    0.0000   0.00000   0.00000   0.00000   0.00000   0.00000   2.60582   0.42000   0.00000
JUN-02-2005  23:05:00      0.00    0.0000   0.00000   0.00000   0.00000   0.00000   0.00000   2.60582   0.42000   0.00000
JUN-02-2005  23:10:00      0.00    0.0000   0.00000   0.00000   0.00000   0.00000   0.00000   2.60582   0.42000   0.00000
JUN-02-2005  23:15:00      0.00    0.0000   0.00000   0.00000   0.00000   0.00000   0.00000   2.60582   0.42000   0.00000
JUN-02-2005  23:20:00      0.00    0.0000   0.00000   0.00000   0.00000   0.00000   0.00000   2.60582   0.42000   0.00000
JUN-02-2005  23:25:00      0.00    0.0000   0.00000   0.00000   0.00000   0.00000   0.00000   2.60582   0.42000   0.00000
JUN-02-2005  23:30:00      0.00    0.0000   0.00000   0.00000   0.00000   0.00000   0.00000   2.60582   0.42000   0.00000
JUN-02-2005  23:35:00      0.00    0.0000   0.00000   0.00000   0.00000   0.00000   0.00000   2.60582   0.42000   0.00000
JUN-02-2005  23:40:00      0.00    0.0000   0.00000   0.00000   0.00000   0.00000   0.00000   2.60582   0.42000   0.00000
JUN-02-2005  23:45:00      0.00    0.0000   0.00000   0.00000   0.00000   0.00000   0.00000   2.60582   0.42000   0.00000
JUN-02-2005  23:50:00      0.00    0.0000   0.00000   0.00000   0.00000   0.00000   0.00000   2.60582   0.42000   0.00000
JUN-02-2005  23:55:00      0.00    0.0000   0.00000   0.00000   0.00000   0.00000   0.00000   2.60582   0.42000   0.00000
JUN-03-2005  00:00:00      0.12    0.0000   0.00000   0.00000   0.00000   0.00000   0.00000   2.61332   0.42000   0.00000
JUN-03-2005  00:05:00      0.00    0.0000   0.00000   0.00000   0.00000   0.00000   0.00000   2.61832   0.42000   0.00000
JUN-03-2005  00:10:00      0.00    0.0000   0.00000   0.00000   0.00000   0.00000   0.00000   2.61832   0.42000   0.00000
JUN-03-2005  00:15:00      0.00    0.0000   0.00000   0.00000   0.00000   0.00000   0.00000   2.61832   0.42000   0.00000
JUN-03-2005  00:20:00      0.00    0.0000   0.00000   0.00000   0.00000   0.00000   0.00000   2.61832   0.42000   0.00000
JUN-03-2005  00:25:00      0.00    0.0000   0.00000   0.00000   0.00000   0.00000   0.00000   2.61832   0.42000   0.00000
JUN-03-2005  00:30:00      0.00    0.0000   0.00000   0.00000   0.00000   0.00000   0.00000   2.61832   0.42000   0.00000
JUN-03-2005  00:35:00      0.00    0.0000   0.00000   0.00000   0.00000   0.00000   0.00000   2.61832   0.42000   0.00000
JUN-03-2005  00:40:00      0.00    0.0000   0.00000   0.00000   0.00000   0.00000   0.00000   2.61832   0.42000   0.00000
JUN-03-2005  00:45:00      0.00    0.0000   0.00000   0.00000   0.00000   0.00000   0.00000   2.61832   0.42000   0.00000
JUN-03-2005  00:50:00      0.00    0.0000   0.00000   0.00000   0.00000   0.00000   0.00000   2.61832   0.42000   0.00000
JUN-03-2005  00:55:00      0.00    0.0000   0.00000   0.00000   0.00000   0.00000   0.00000   2.61832   0.42000   0.00000
JUN-03-2005  01:00:00      0.00    0.0000   0.00000   0.00000   0.00000   0.00000   0.00000   2.61832   0.42000   0.00000
JUN-03-2005  01:05:00      0.00    0.0000   0.00000   0.00000   0.00000   0.00000   0.00000   2.61832   0.42000   0.00000
JUN-03-2005  01:10:00      0.00    0.0000   0.00000   0.00000   0.00000   0.00000   0.00000   2.61832   0.42000   0.00000
JUN-03-2005  01:15:00      0.00    0.0000   0.00000   0.00000   0.00000   0.00000   0.00000   2.61832   0.42000   0.00000
JUN-03-2005  01:20:00      0.00    0.0000   0.00000   0.00000   0.00000   0.00000   0.00000   2.61832   0.42000   0.00000
JUN-03-2005  01:25:00      0.00    0.0000   0.00000   0.00000   0.00000   0.00000   0.00000   2.61832   0.42000   0.00000
JUN-03-2005  01:30:00      0.00    0.0000   0.00000   0.00000   0.00000   0.00000   0.00000   2.61832   0.42000   0.00000
JUN-03-2005  01:35:00      0.00    0.0000   0.00000   0.00000   0.00000   0.00000   0.00000   2.61832   0.42000   0.00000
JUN-03-2005  01:40:00      0.00    0.0000   0.00000   0.00000   0.00000   0.00000   0.00000   2.61832   0.42000   0.00000
JUN-03-2005  01:45:00      0.00    0.0000   0.00000   0.00000   0.00000   0.00000   0.00000   2.61832   0.42000   0.00000
JUN-03-2005  01:50:00      0.00    0.0000   0.00000   0.00000   0.00000   0.00000   0.00000   2.61832   0.42000   0.00000
JUN-03-2005  01:55:00      0.00    0.0000   0.00000   0.00000   0.00000   0.00000   0.00000   2.61832   0.42000   0.00000
JUN-03-2005  02:00:00      0.00    0.0000   0.00000   0.00000   0.00000   0.00000   0.00000   2.61832   0.42000   0.00000
JUN-03-2005  02:05:00      0.00    0.0000   0.00000   0.00000   0.00000   0.00000   0.00000   2.61832   0.42000   0.00000
JUN-03-2005  02:10:00      0.00    0.0000   0.00000   0.00000   0.00000   0.00000   0.00000   2.61832   0.42000   0.00000
JUN-03-2005  02:15:00      0.00    0.0000   0.00000   0.00000   0.00000   0.00000   0.00000   2.61832   0.42000   0.00000
JUN-03-2005  02:20:00      0.00    0.0000   0.00000   0.00000   0.00000   0.00000   0.00000   2.61832   0.42000   0.00000
JUN-03-2005  02:25:00      0.00    0.0000   0.00000   0.00000   0.00000   0.00000   0.00000   2.61832   0.42000   0.00000
JUN-03-2005  02:30:00      0.00    0.0000   0.00000   0.00000   0.00000   0.00000   0.00000   2.61832   0.42000   0.00000
JUN-03-2005  02:35:00      0.00    0.0000   0.00000   0.00000   0.00000   0.00000   0.00000   2.61832   0.42000   0.00000
JUN-03-2005  02:40:00      0.00    0.0000   0.00000   0.00000   0.00000   0.00000   0.00000   2.61832   0.42000   0.00000
JUN-03-2005  02:45:00      0.12    0.0000   0.00000   0.00000   0.00000   0.00000   0.00000   2.62582   0.42000   0.00000
JUN-03-2005  02:50:00      0.00    0.0000   0.00000   0.00000   0.00000   0.00000   0.00000   2.63082   0.42000   0.00000
JUN-03-2005  02:55:00      0.00    0.0000   0.00000   0.00000   0.00000   0.00000   0.00000   2.63082   0.42000   0.00000
JUN-03-2005  03:00:00      0.00    0.0000   0.00000   0.00000   0.00000   0.00000   0.00000   2.63082   0.42000   0.00000
JUN-03-2005  03:05:00      0.00    0.0000   0.00000   0.00000   0.00000   0.00000   0.00000   2.63082   0.42000   0.00000
JUN-03-2005  03:10:00      0.00    0.0000   0.00000   0.00000   0.00000   0.00000   0.00000   2.63082   0.42000   0.00000
JUN-03-2005  03:15:00      0.00    0.0000   0.00000   0.00000   0.00000   0.00000   0.00000   2.63082   0.42000   0.00000
JUN-03-2005  03:20:00      0.00    0.0000   0.00000   0.00000   0.00000   0.00000   0.00000   2.63082   0.42000   0.00000
JUN-03-2005  03:25:00      0.00    0.0000   0.00000   0.00000   0.00000   0.00000   0.00000   2.63082   0.42000   0.00000
JUN-03-2005  03:30:00      0.00    0.0000   0.00000   0.00000   0.00000   0.00000   0.00000   2.63082   0.42000   0.00000
JUN-03-2005  03:35:00      0.12    0.0000   0.00000   0.00000   0.00000   0.00000   0.00000   2.63832   0.42000   0.00000
JUN-03-2005  03:40:00      0.00    0.0000   0.00000   0.00000   0.00000   0.00000   0.00000   2.64332   0.42000   0.00000
JUN-03-2005  03:45:00      0.00    0.0000   0.00000   0.00000   0.00000   0.00000   0.00000   2.64332   0.42000   0.00000
JUN-03-2005  03:50:00      0.00    0.0000   0.00000   0.00000   0.00000   0.00000   0.00000   2.64332   0.42000   0.00000
JUN-03-2005  03:55:00      0.12    0.0000   0.00000   0.00000   0.00000   0.00000   0.00000   2.65082   0.42000   0.00000
JUN-03-2005  04:00:00      0.00    0.0000   0.00000   0.00000   0.00000   0.00000   0.00000   2.65582   0.42000   0.00000
JUN-03-2005  04:05:00      0.00    0.0000   0.00000   0.00000   0.00000   0.00000   0.00000   2.65582   0.42000   0.00000
JUN-03-2005  04:10:00      0.00    0.0000   0.00000   0.00000   0.00000   0.00000   0.00000   2.65582   0.42000   0.00000
JUN-03-2005  04:15:00      0.06    0.0000   0.00000   0.00000   0.00000   0.00000   0.00000   2.65957   0.42000   0.00000
JUN-03-2005  04:20:00      0.11    0.0000   0.00000   0.00000   0.00000   0.00000   0.00000   2.66806   0.42000   0.00000
JUN-03-2005  04:25:00      0.08    0.0000   0.00000   0.00000   0.00000   0.00000   0.00000   2.67908   0.42000   0.00000
JUN-03-2005  04:30:00      0.21    0.0000   0.00000   0.00000   0.00000   0.00000   0.00000   2.69260   0.42000   0.00000
JUN-03-2005  04:35:00      0.13    0.0000   0.00000   0.00000   0.00000   0.00000   0.00000   2.71396   0.42000   0.00000
JUN-03-2005  04:40:00      0.30    0.0000   0.00000   0.00000   0.00000   0.00000   0.00000   2.73208   0.42000   0.00000
JUN-03-2005  04:45:00      0.17    0.0000   0.00000   0.00000   0.00000   0.00000   0.00000   2.76248   0.42000   0.00000
JUN-03-2005  04:50:00      0.38    0.0000   0.00000   0.00000   0.00000   0.00000   0.00000   2.78463   0.42000   0.00000
JUN-03-2005  04:55:00      0.20    0.0000   0.00000   0.00000   0.00000   0.00000   0.00000   2.82295   0.42000   0.00000
JUN-03-2005  05:00:00      0.45    0.0000   0.00000   0.00000   0.00000   0.00000   0.00000   2.84866   0.42000   0.00000
JUN-03-2005  05:05:00      0.23    0.0000   0.00000   0.00000   0.00000   0.00000   0.00000   2.89397   0.42000   0.00000
JUN-03-2005  05:10:00      0.49    0.0000   0.00000   0.00000   0.00000   0.00000   0.00000   2.92115   0.42000   0.00000
JUN-03-2005  05:15:00      0.24    0.0000   0.00000   0.00000   0.00000   0.00000   0.00000   2.97057   0.42000   0.00000
JUN-03-2005  05:20:00      0.04    0.0000   0.00000   0.00000   0.00000   0.00000   0.00000   2.97621   0.42000   0.00000
JUN-03-2005  05:25:00      0.57    0.0000   0.00000   0.00000   0.00000   0.00000   0.00000   3.00597   0.42000   0.00000
JUN-03-2005  05:30:00      0.29    0.0000   0.00000   0.00000   0.00000   0.00000   0.00000   3.06299   0.42000   0.00000
JUN-03-2005  05:35:00      0.62    0.0000   0.00000   0.00000   0.00000   0.00000   0.00000   3.09713   0.42000   0.00000
JUN-03-2005  05:40:00      0.31    0.0000   0.00000   0.00000   0.00000   0.00000   0.00000   3.15908   0.42000   0.00000
JUN-03-2005  05:45:00      0.72    0.0000   0.00000   0.00000   0.00000   0.00000   0.00000   3.20047   0.42000   0.00000
JUN-03-2005  05:50:00      0.97    0.0000   0.00000   0.00000   0.00000   0.00000   0.00000   3.29830   0.42000   0.00000
JUN-03-2005  05:55:00      0.35    0.0000   0.00000   0.00000   0.00000   0.00000   0.00000   3.37062   0.42000   0.00000
JUN-03-2005  06:00:00      0.80    0.0000   0.00000   0.00000   0.00000   0.00000   0.00000   3.41586   0.42000   0.00000
JUN-03-2005  06:05:00      1.07    0.0000   0.00000   0.00000   0.00000   0.00000   0.00000   3.52452   0.42000   0.00000
JUN-03-2005  06:10:00      0.38    0.0000   0.00000   0.00000   0.00000   0.00000   0.00000   3.60396   0.42000   0.00000
JUN-03-2005  06:15:00      0.86    0.0000   0.00000   0.00000   0.00000   0.00000   0.00000   3.65237   0.42000   0.00000
JUN-03-2005  06:20:00      1.15    0.0000   0.00000   0.00000   0.00000   0.00000   0.00000   3.76995   0.42000   0.00000
JUN-03-2005  06:25:00      0.40    0.0000   0.00000   0.00000   0.00000   0.00000   0.00000   3.85529   0.42000   0.00000
JUN-03-2005  06:30:00      0.91    0.0000   0.00000   0.00000   0.00000   0.00000   0.00000   3.90634   0.42000   0.00000
JUN-03-2005  06:35:00      1.23    0.0000   0.00000   0.00000   0.00000   0.00000   0.00000   4.03137   0.42000   0.00000
JUN-03-2005  06:40:00      0.42    0.0000   0.00000   0.00000   0.00000   0.00000   0.00000   4.12164   0.42000   0.00000
JUN-03-2005  06:45:00      0.89    0.0000   0.00000   0.00000   0.00000   0.00000   0.00000   4.16990   0.42000   0.00000
JUN-03-2005  06:50:00      0.43    0.0000   0.00000   0.00000   0.00000   0.00000   0.00000   4.25969   0.42000   0.00000
JUN-03-2005  06:55:00      0.97    0.0000   0.00000   0.00000   0.00000   0.00000   0.00000   4.31393   0.42000   0.00000
JUN-03-2005  07:00:00      1.37    0.0000   0.00000   0.00000   0.00000   0.00000   0.00000   4.45301   0.42000   0.00000
JUN-03-2005  07:05:00      1.40    0.0000   0.00000   0.00000   0.00000   0.00000   0.00000   4.59744   0.42000   0.00000
JUN-03-2005  07:10:00      1.36    0.0000   0.00000   0.00000   0.00000   0.00000   0.00000   4.73930   0.42000   0.00000
JUN-03-2005  07:15:00      0.46    0.0000   0.00000   0.00000   0.00000   0.00000   0.00000   4.83889   0.42000   0.00000
JUN-03-2005  07:20:00      0.96    0.0000   0.00000   0.00000   0.00000   0.00000   0.00000   4.88970   0.42000   0.00000
JUN-03-2005  07:25:00      0.45    0.0000   0.00000   0.00000   0.00000   0.00000   0.00000   4.98573   0.42000   0.00000
JUN-03-2005  07:30:00      0.04    0.0000   0.00000   0.00000   0.00000   0.00000   0.00000   4.99289   0.42000   0.00000
JUN-03-2005  07:35:00      1.05    0.0000   0.00000   0.00000   0.00000   0.00000   0.00000   5.04764   0.42000   0.00000
JUN-03-2005  07:40:00      1.42    0.0000   0.00000   0.00000   0.00000   0.00000   0.00000   5.19281   0.42000   0.00000
JUN-03-2005  07:45:00      0.48    0.0000   0.00000   0.00000   0.00000   0.00000   0.00000   5.29652   0.42000   0.00000
JUN-03-2005  07:50:00      1.07    0.0000   0.00000   0.00000   0.00000   0.00000   0.00000   5.35588   0.42000   0.00000
JUN-03-2005  07:55:00      1.45    0.0000   0.00000   0.00000   0.00000   0.00000   0.00000   5.50450   0.42000   0.00000
JUN-03-2005  08:00:00      0.49    0.0000   0.00000   0.00000   0.00000   0.00000   0.00000   5.61052   0.42000   0.00000
JUN-03-2005  08:05:00      1.10    0.0000   0.00000   0.00000   0.00000   0.00000   0.00000   5.67094   0.42000   0.00000
JUN-03-2005  08:10:00      1.48    0.0000   0.00000   0.00000   0.00000   0.00000   0.00000   5.82257   0.42000   0.00000
JUN-03-2005  08:15:00      0.50    0.0000   0.00000   0.00000   0.00000   0.00000   0.00000   5.93062   0.42000   0.00000
JUN-03-2005  08:20:00      1.11    0.0000   0.00000   0.00000   0.00000   0.00000   0.00000   5.99197   0.42000   0.00000
JUN-03-2005  08:25:00      1.50    0.0000   0.00000   0.00000   0.00000   0.00000   0.00000   6.14625   0.42000   0.00000
JUN-03-2005  08:30:00      0.51    0.0000   0.00000   0.00000   0.00000   0.00000   0.00000   6.25609   0.42000   0.00000
JUN-03-2005  08:35:00      1.13    0.0000   0.00000   0.00000   0.00000   0.00000   0.00000   6.31826   0.42000   0.00000
JUN-03-2005  08:40:00      1.53    0.0000   0.00000   0.00000   0.00000   0.00000   0.00000   6.47489   0.42000   0.00000
JUN-03-2005  08:45:00      0.51    0.0000   0.00000   0.00000   0.00000   0.00000   0.00000   6.58631   0.42000   0.00000
JUN-03-2005  08:50:00      1.14    0.0000   0.00000   0.00000   0.00000   0.00000   0.00000   6.64921   0.42000   0.00000
JUN-03-2005  08:55:00      1.55    0.0000   0.00000   0.00000   0.00000   0.00000   0.00000   6.80793   0.42000   0.00000
JUN-03-2005  09:00:00      0.52    0.0000   0.00000   0.00000   0.00000   0.00000   0.00000   6.92076   0.42000   0.00000
JUN-03-2005  09:05:00      1.16    0.0000   0.00000   0.00000   0.00000   0.00000   0.00000   6.98431   0.42000   0.00000
JUN-03-2005  09:10:00      1.57    0.0000   0.00000   0.00000   0.00000   0.00000   0.00000   7.14489   0.42000   0.00000
JUN-03-2005  09:15:00      0.52    0.0000   0.00000   0.00000   0.00000   0.00000   0.00000   7.25898   0.42000   0.00000
JUN-03-2005  09:20:00      1.17    0.0000   0.00000   0.00000   0.00000   0.00000   0.00000   7.32312   0.42000   0.00000
JUN-03-2005  09:25:00      1.58    0.0000   0.00000   0.00000   0.00000   0.00000   0.00000   7.48537   0.42000   0.00000
JUN-03-2005  09:30:00      0.53    0.0000   0.00000   0.00000   0.00000   0.00000   0.00000   7.60060   0.42000   0.00000
JUN-03-2005  09:35:00      1.10    0.0000   0.00000   0.00000   0.00000   0.00000   0.00000   7.65859   0.42000   0.00000
JUN-03-2005  09:40:00      0.51    0.0000   0.00000   0.00000   0.00000   0.00000   0.00000   7.76882   0.42000   0.00000
JUN-03-2005  09:45:00      0.04    0.0000   0.00000   0.00000   0.00000   0.00000   0.00000   7.77644   0.42000   0.00000
JUN-03-2005  09:50:00      1.06    0.0000   0.00000   0.00000   0.00000   0.00000   0.00000   7.82831   0.42000   0.00000
JUN-03-2005  09:55:00      0.47    0.0000   0.00000   0.00000   0.00000   0.00000   0.00000   7.93485   0.42000   0.00000
JUN-03-2005  10:00:00      0.00    0.0000   0.00000   0.00000   0.00000   0.00000   0.00000   7.93832   0.42000   0.00000
JUN-03-2005  10:05:00      0.00    0.0000   0.00000   0.00000   0.00000   0.00000   0.00000   7.93832   0.42000   0.00000
JUN-03-2005  10:10:00      0.00    0.0000   0.00000   0.00000   0.00000   0.00000   0.00000   7.93832   0.42000   0.00000
JUN-03-2005  10:15:00      0.00    0.0000   0.00000   0.00000   0.00000   0.00000   0.00000   7.93832   0.42000   0.00000
JUN-03-2005  10:20:00      0.06    0.0000   0.00000   0.00000   0.00000   0.00000   0.00000   7.94207   0.42000   0.00000
JUN-03-2005  10:25:00      1.13    0.0000   0.00000   0.00000   0.00000   0.00000   0.00000   7.99873   0.42000   0.00000
JUN-03-2005  10:30:00      0.54    0.0000   0.00000   0.00000   0.00000   0.00000   0.00000   8.11198   0.42000   0.00000
JUN-03-2005  10:35:00      1.19    0.0000   0.00000   0.00000   0.00000   0.00000   0.00000   8.17734   0.42000   0.00000
JUN-03-2005  10:40:00      1.68    0.0000   0.00000   0.00000   0.00000   0.00000   0.00000   8.34809   0.42000   0.00000
JUN-03-2005  10:45:00      1.68    0.0000   0.00000   0.00000   0.00000   0.00000   0.00000   8.52294   0.42000   0.00000
JUN-03-2005  10:50:00      1.69    0.0000   0.00000   0.00000   0.00000   0.00000   0.00000   8.69837   0.42000   0.00000
JUN-03-2005  10:55:00      1.69    0.0000   0.00000   0.00000   0.00000   0.00000   0.00000   8.87437   0.42000   0.00000
JUN-03-2005  11:00:00      1.70    0.0000   0.00000   0.00000   0.00000   0.00000   0.00000   9.05106   0.42000   0.00000
JUN-03-2005  11:05:00      1.72    0.0000   0.00000   0.00000   0.00000   0.00000   0.00000   9.22909   0.42000   0.00000
JUN-03-2005  11:10:00      1.74    0.0000   0.00000   0.00000   0.00000   0.00000   0.00000   9.40927   0.42000   0.00000
JUN-03-2005  11:15:00      1.76    0.0000   0.00000   0.00000   0.00000   0.00000   0.00000   9.59192   0.42000   0.00000
JUN-03-2005  11:20:00      1.79    0.0000   0.00000   0.00000   0.00000   0.00000   0.00000   9.77701   0.42000   0.00000
JUN-03-2005  11:25:00      1.81    0.0000   0.00000   0.00000   0.00000   0.00000   0.00000   9.96449   0.42000   0.00000
JUN-03-2005  11:30:00      1.83    0.0000   0.00000   0.00000   0.00000   0.00000   0.00000  10.15434   0.42000   0.00000
JUN-03-2005  11:35:00      1.85    0.0000   0.00000   0.00000   0.00000   0.00000   0.00000  10.34650   0.42000   0.00000
JUN-03-2005  11:40:00      1.88    0.0000   0.00000   0.00000   0.00000   0.00000   0.00000  10.54094   0.42000   0.00000
JUN-03-2005  11:45:00      1.90    0.0000   0.00000   0.00000   0.00000   0.00000   0.00000  10.73763   0.42000   0.00000
JUN-03-2005  11:50:00      1.92    0.0000   0.00000   0.00000   0.00000   0.00000   0.00000  10.93652   0.42000   0.00000
JUN-03-2005  11:55:00      2.06    0.0000   0.00000   0.00000   0.00000   0.00000   0.00000  11.14758   0.42000   0.00000
JUN-03-2005  12:00:00      3.17    0.0000   0.00000   0.00000   0.00000   0.00000   0.00000  11.41040   0.42000   0.00000
JUN-03-2005  12:05:00      2.73    0.0000   0.00000   0.00000   0.00000   0.00000   0.00000  11.75134   0.42000   0.00000
JUN-03-2005  12:10:00      3.29    0.0000   0.00000   0.00000   0.00000   0.00000   0.00000  12.03332   0.42000   0.00000
JUN-03-2005  12:15:00      2.70    0.0000   0.00000   0.00000   0.00000   0.00000   0.00000  12.37372   0.42000   0.00000
JUN-03-2005  12:20:00      2.24    0.0000   0.00000   0.00000   0.00000   0.00000   0.00000  12.61277   0.42000   0.00000
JUN-03-2005  12:25:00      3.36    0.0000   0.00000   0.00000   0.00000   0.00000   0.00000  12.89243   0.42000   0.00000
JUN-03-2005  12:30:00      2.81    0.0000   0.00000   0.00000   0.00000   0.00000   0.00000  13.24422   0.42000   0.00000
JUN-03-2005  12:35:00      2.20    0.0000   0.00000   0.00000   0.00000   0.00000   0.00000  13.48314   0.42000   0.00000
JUN-03-2005  12:40:00      2.28    0.0000   0.00000   0.00000   0.00000   0.00000   0.00000  13.71826   0.42000   0.00000
JUN-03-2005  12:45:00      3.48    0.0000   0.00000   0.00000   0.00000   0.00000   0.00000  14.00841   0.42000   0.00000
JUN-03-2005  12:50:00      2.93    0.0000   0.00000   0.00000   0.00000   0.00000   0.00000  14.37385   0.42000   0.00000
JUN-03-2005  12:55:00      2.42    0.0000   0.00000   0.00000   0.00000   0.00000   0.00000  14.63440   0.42000   0.00000
JUN-03-2005  13:00:00      3.57    0.0000   0.00000   0.00000   0.00000   0.00000   0.00000  14.93314   0.42000   0.00000
JUN-03-2005  13:05:00      3.03    0.0000   0.00000   0.00000   0.00000   0.00000   0.00000  15.30886   0.42000   0.00000
JUN-03-2005  13:10:00      2.49    0.0000   0.00000   0.00000   0.00000   0.00000   0.00000  15.57819   0.42000   0.00000
JUN-03-2005  13:15:00      3.65    0.0000   0.00000   0.00000   0.00000   0.00000   0.00000  15.88470   0.42000   0.00000
JUN-03-2005  13:20:00      3.12    0.0000   0.00000   0.00000   0.00000   0.00000   0.00000  16.27015   0.42000   0.00000
JUN-03-2005  13:25:00      2.56    0.0000   0.00000   0.00000   0.00000   0.00000   0.00000  16.54785   0.42000   0.00000
JUN-03-2005  13:30:00      3.74    0.0000   0.00000   0.00000   0.00000   0.00000   0.00000  16.86173   0.42000   0.00000
JUN-03-2005  13:35:00      3.21    0.0000   0.00000   0.00000   0.00000   0.00000   0.00000  17.25645   0.42000   0.00000
JUN-03-2005  13:40:00      2.50    0.0000   0.00000   0.00000   0.00000   0.00000   0.00000  17.53212   0.42000   0.00000
JUN-03-2005  13:45:00      2.55    0.0000   0.00000   0.00000   0.00000   0.00000   0.00000  17.79508   0.42000   0.00000
JUN-03-2005  13:50:00      3.83    0.0000   0.00000   0.00000   0.00000   0.00080   0.00000  18.11698   0.42000   0.00000
JUN-03-2005  13:55:00      3.31    0.0000   0.00000   0.00000   0.00000   0.05150   0.00000  18.51986   0.42000   0.00000
JUN-03-2005  14:00:00      2.58    0.0000   0.00000   0.00000   0.00000   0.11823   0.00000  18.79546   0.42000   0.00000
JUN-03-2005  14:05:00      2.62    0.0000   0.00000   0.00000   0.00000   0.19292   0.00000  19.04869   0.42000   0.00000
JUN-03-2005  14:10:00      3.92    0.0000   0.00000   0.00000   0.00000   0.29094   0.00000  19.35299   0.42000   0.00000
JUN-03-2005  14:15:00      3.41    0.0000   0.00000   0.00000   0.00000   0.45347   0.00000  19.72858   0.42000   0.00000
JUN-03-2005  14:20:00      2.66    0.0000   0.00000   0.00000   0.00000   0.57593   0.00000  19.96745   0.42000   0.00000
JUN-03-2005  14:25:00      2.56    0.0000   0.00000   0.00000   0.00000   0.68149   0.00000  20.16766   0.42000   0.00000
JUN-03-2005  14:30:00      2.57    0.0000   0.00000   0.00000   0.00000   0.78682   0.00000  20.35741   0.42000   0.00000
JUN-03-2005  14:35:00      2.58    0.0000   0.00000   0.00000   0.00000   0.89233   0.00000  20.53745   0.42000   0.00000
JUN-03-2005  14:40:00      2.72    0.0000   0.00000   0.00000   0.00000   1.00167   0.00000  20.71760   0.42000   0.00000
JUN-03-2005  14:45:00      4.06    0.0000   0.00000   0.00000   0.00000   1.13249   0.00000  20.94787   0.42000   0.00000
JUN-03-2005  14:50:00      3.55    0.0000   0.00000   0.00000   0.00000   1.34573   0.00000  21.24771   0.42000   0.00000
JUN-03-2005  14:55:00      2.77    0.0000   0.00000   0.00000   0.00000   1.47253   0.00000  21.40641   0.42000   0.00000
JUN-03-2005  15:00:00      2.65    0.0000   0.00000   0.00000   0.00000   1.56216   0.00000  21.52416   0.42000   0.00000
JUN-03-2005  15:05:00      2.67    0.0000   0.00000   0.00000   0.00000   1.64533   0.00000  21.63335   0.42000   0.00000
JUN-03-2005  15:10:00      2.68    0.0000   0.00000   0.00000   0.00000   1.72454   0.00000  21.73529   0.42000   0.00000
JUN-03-2005  15:15:00      2.69    0.0000   0.00000   0.00000   0.00000   1.79978   0.00000  21.83038   0.42000   0.00000
JUN-03-2005  15:20:00      2.70    0.0000   0.00000   0.00000   0.00000   1.87108   0.00000  21.91902   0.42000   0.00000
JUN-03-2005  15:25:00      2.71    0.0000   0.00000   0.00000   0.00000   1.93851   0.00000  22.00162   0.42000   0.00000
JUN-03-2005  15:30:00      2.72    0.0000   0.00000   0.00000   0.00000   2.00218   0.00000  22.07855   0.42000   0.00000
JUN-03-2005  15:35:00      2.67    0.0000   0.00000   0.00000   0.00000   2.05914   0.00000  22.14531   0.42000   0.00000
JUN-03-2005  15:40:00      1.18    0.0000   0.00000   0.00000   0.00000   2.07815   0.00000  22.13679   0.42000   0.00000
JUN-03-2005  15:45:00      1.76    0.0000   0.00000   0.00000   0.00000   1.99151   0.00000  22.04574   0.42000   0.00000
JUN-03-2005  15:50:00      2.61    0.0000   0.00000   0.00000   0.00000   2.01129   0.00000  22.08715   0.42000   0.00000
JUN-03-2005  15:55:00      2.76    0.0000   0.00000   0.00000   0.00000   2.07017   0.00000  22.16024   0.42000   0.00000
JUN-03-2005  16:00:00      2.77    0.0000   0.00000   0.00000   0.00000   2.12874   0.00000  22.22921   0.42000   0.00000
JUN-03-2005  16:05:00      2.72    0.0000   0.00000   0.00000   0.00000   2.18065   0.00000  22.28848   0.42000   0.00000
JUN-03-2005  16:10:00      1.22    0.0000   0.00000   0.00000   0.00000   2.19364   0.00000  22.27211   0.42000   0.00000
JUN-03-2005  16:15:00      1.78    0.0000   0.00000   0.00000   0.00000   2.09767   0.00000  22.17228   0.42000   0.00000
JUN-03-2005  16:20:00      2.65    0.0000   0.00000   0.00000   0.00000   2.11149   0.00000  22.20657   0.42000   0.00000
JUN-03-2005  16:25:00      2.75    0.0000   0.00000   0.00000   0.00000   2.16393   0.00000  22.26974   0.42000   0.00000
JUN-03-2005  16:30:00      1.24    0.0000   0.00000   0.00000   0.00000   2.18059   0.00000  22.25743   0.42000   0.00000
JUN-03-2005  16:35:00      1.74    0.0000   0.00000   0.00000   0.00000   2.08416   0.00000  22.15545   0.42000   0.00000
JUN-03-2005  16:40:00      1.09    0.0000   0.00000   0.00000   0.00000   2.06223   0.00000  22.11599   0.42000   0.00000
JUN-03-2005  16:45:00      1.72    0.0000   0.00000   0.00000   0.00000   1.97372   0.00000  22.02364   0.42000   0.00000
JUN-03-2005  16:50:00      1.07    0.0000   0.00000   0.00000   0.00000   1.96006   0.00000  21.99360   0.42000   0.00000
JUN-03-2005  16:55:00      0.20    0.0000   0.00000   0.00000   0.00000   1.84931   0.00000  21.84005   0.42000   0.00000
JUN-03-2005  17:00:00      1.59    0.0000   0.00000   0.00000   0.00000   1.74164   0.00000  21.73442   0.42000   0.00000
JUN-03-2005  17:05:00      1.10    0.0000   0.00000   0.00000   0.00000   1.74553   0.00000  21.72902   0.42000   0.00000
JUN-03-2005  17:10:00      1.69    0.0000   0.00000   0.00000   0.00000   1.68678   0.00000  21.66659   0.42000   0.00000
JUN-03-2005  17:15:00      1.04    0.0000   0.00000   0.00000   0.00000   1.69378   0.00000  21.66197   0.42000   0.00000
JUN-03-2005  17:20:00      0.16    0.0000   0.00000   0.00000   0.00000   1.60695   0.00000  21.53114   0.42000   0.00000
JUN-03-2005  17:25:00      0.12    0.0000   0.00000   0.00000   0.00000   1.49348   0.00000  21.37960   0.42000   0.00000
JUN-03-2005  17:30:00      1.54    0.0000   0.00000   0.00000   0.00000   1.41863   0.00000  21.30721   0.42000   0.00000
JUN-03-2005  17:35:00      1.05    0.0000   0.00000   0.00000   0.00000   1.44198   0.00000  21.32896   0.42000   0.00000
JUN-03-2005  17:40:00      0.16    0.0000   0.00000   0.00000   0.00000   1.37873   0.00000  21.22321   0.42000   0.00000
JUN-03-2005  17:45:00      0.12    0.0000   0.00000   0.00000   0.00000   1.28784   0.00000  21.09402   0.42000   0.00000
JUN-03-2005  17:50:00      1.54    0.0000   0.00000   0.00000   0.00000   1.23132   0.00000  21.04200   0.42000   0.00000
JUN-03-2005  17:55:00      1.05    0.0000   0.00000   0.00000   0.00000   1.26667   0.00000  21.08299   0.42000   0.00000
JUN-03-2005  18:00:00      0.16    0.0000   0.00000   0.00000   0.00000   1.21876   0.00000  20.99487   0.42000   0.00000
JUN-03-2005  18:05:00      0.00    0.0000   0.00000   0.00000   0.00000   1.13960   0.00000  20.87400   0.42000   0.00000
JUN-03-2005  18:10:00      0.00    0.0000   0.00000   0.00000   0.00000   1.06488   0.00000  20.76003   0.42000   0.00000
JUN-03-2005  18:15:00      0.00    0.0000   0.00000   0.00000   0.00000   0.99686   0.00000  20.65340   0.42000   0.00000
JUN-03-2005  18:20:00      0.00    0.0000   0.00000   0.00000   0.00000   0.93478   0.00000  20.55349   0.42000   0.00000
JUN-03-2005  18:25:00      0.00    0.0000   0.00000   0.00000   0.00000   0.87799   0.00000  20.45971   0.42000   0.00000
JUN-03-2005  18:30:00      0.00    0.0000   0.00000   0.00000   0.00000   0.82592   0.00000  20.37154   0.42000   0.00000
JUN-03-2005  18:35:00      0.00    0.0000   0.00000   0.00000   0.00000   0.77808   0.00000  20.28853   0.42000   0.00000
JUN-03-2005  18:40:00      0.00    0.0000   0.00000   0.00000   0.00000   0.73404   0.00000  20.21027   0.42000   0.00000
JUN-03-2005  18:45:00      0.00    0.0000   0.00000   0.00000   0.00000   0.69341   0.00000  20.13637   0.42000   0.00000
JUN-03-2005  18:50:00      0.00    0.0000   0.00000   0.00000   0.00000   0.65587   0.00000  20.06651   0.42000   0.00000
JUN-03-2005  18:55:00      0.00    0.0000   0.00000   0.00000   0.00000   0.62112   0.00000  20.00038   0.42000   0.00000
JUN-03-2005  19:00:00      0.00    0.0000   0.00000   0.00000   0.00000   0.58890   0.00000  19.93772   0.42000   0.00000
JUN-03-2005  19:05:00      0.00    0.0000   0.00000   0.00000   0.00000   0.55897   0.00000  19.87826   0.42000   0.00000
JUN-03-2005  19:10:00      0.00    0.0000   0.00000   0.00000   0.00000   0.53113   0.00000  19.82179   0.42000   0.00000
JUN-03-2005  19:15:00      0.00    0.0000   0.00000   0.00000   0.00000   0.50520   0.00000  19.76810   0.42000   0.00000
JUN-03-2005  19:20:00      0.00    0.0000   0.00000   0.00000   0.00000   0.48101   0.00000  19.71701   0.42000   0.00000
JUN-03-2005  19:25:00      0.00    0.0000   0.00000   0.00000   0.00000   0.45841   0.00000  19.66833   0.42000   0.00000
JUN-03-2005  19:30:00      0.00    0.0000   0.00000   0.00000   0.00000   0.43727   0.00000  19.62191   0.42000   0.00000
JUN-03-2005  19:35:00      0.00    0.0000   0.00000   0.00000   0.00000   0.41747   0.00000  19.57761   0.42000   0.00000
JUN-03-2005  19:40:00      0.00    0.0000   0.00000   0.00000   0.00000   0.39891   0.00000  19.53529   0.42000   0.00000
JUN-03-2005  19:45:00      0.12    0.0000   0.00000   0.00000   0.00000   0.38359   0.00000  19.50227   0.42000   0.00000
JUN-03-2005  19:50:00      1.55    0.0000   0.00000   0.00000   0.00000   0.38725   0.00000  19.54051   0.42000   0.00000
JUN-03-2005  19:55:00      1.06    0.0000   0.00000   0.00000   0.00000   0.44837   0.00000  19.66837   0.42000   0.00000
JUN-03-2005  20:00:00      0.16    0.0000   0.00000   0.00000   0.00000   0.45422   0.00000  19.66259   0.42000   0.00000
JUN-03-2005  20:05:00      0.00    0.0000   0.00000   0.00000   0.00000   0.43532   0.00000  19.61759   0.42000   0.00000
JUN-03-2005  20:10:00      0.00    0.0000   0.00000   0.00000   0.00000   0.41565   0.00000  19.57348   0.42000   0.00000
JUN-03-2005  20:15:00      0.00    0.0000   0.00000   0.00000   0.00000   0.39720   0.00000  19.53135   0.42000   0.00000
JUN-03-2005  20:20:00      0.12    0.0000   0.00000   0.00000   0.00000   0.38198   0.00000  19.49850   0.42000   0.00000
JUN-03-2005  20:25:00      1.55    0.0000   0.00000   0.00000   0.00000   0.38574   0.00000  19.53706   0.42000   0.00000
JUN-03-2005  20:30:00      1.06    0.0000   0.00000   0.00000   0.00000   0.44703   0.00000  19.66553   0.42000   0.00000
JUN-03-2005  20:35:00      0.16    0.0000   0.00000   0.00000   0.00000   0.45310   0.00000  19.66018   0.42000   0.00000
JUN-03-2005  20:40:00      0.00    0.0000   0.00000   0.00000   0.00000   0.43429   0.00000  19.61529   0.42000   0.00000
JUN-03-2005  20:45:00      0.00    0.0000   0.00000   0.00000   0.00000   0.41468   0.00000  19.57129   0.42000   0.00000
JUN-03-2005  20:50:00      0.00    0.0000   0.00000   0.00000   0.00000   0.39629   0.00000  19.52925   0.42000   0.00000
JUN-03-2005  20:55:00      0.12    0.0000   0.00000   0.00000   0.00000   0.38113   0.00000  19.49649   0.42000   0.00000
JUN-03-2005  21:00:00      1.55    0.0000   0.00000   0.00000   0.00000   0.38495   0.00000  19.53529   0.42000   0.00000
JUN-03-2005  21:05:00      1.06    0.0000   0.00000   0.00000   0.00000   0.44643   0.00000  19.66430   0.42000   0.00000
JUN-03-2005  21:10:00      0.17    0.0000   0.00000   0.00000   0.00000   0.45269   0.00000  19.65930   0.42000   0.00000
JUN-03-2005  21:15:00      0.00    0.0000   0.00000   0.00000   0.00000   0.43392   0.00000  19.61446   0.42000   0.00000
JUN-03-2005  21:20:00      0.04    0.0000   0.00000   0.00000   0.00000   0.41577   0.00000  19.57459   0.42000   0.00000
JUN-03-2005  21:25:00      1.60    0.0000   0.00000   0.00000   0.00000   0.41681   0.00000  19.60935   0.42000   0.00000
JUN-03-2005  21:30:00      1.11    0.0000   0.00000   0.00000   0.00000   0.48073   0.00000  19.73951   0.42000   0.00000
JUN-03-2005  21:35:00      0.21    0.0000   0.00000   0.00000   0.00000   0.48760   0.00000  19.73535   0.42000   0.00000
JUN-03-2005  21:40:00      1.62    0.0000   0.00000   0.00000   0.00000   0.48803   0.00000  19.76568   0.42000   0.00000
JUN-03-2005  21:45:00      1.13    0.0000   0.00000   0.00000   0.00000   0.55349   0.00000  19.89084   0.42000   0.00000
JUN-03-2005  21:50:00      1.77    0.0000   0.00000   0.00000   0.00000   0.57796   0.00000  19.95303   0.42000   0.00000
JUN-03-2005  21:55:00      1.12    0.0000   0.00000   0.00000   0.00000   0.64448   0.00000  20.06825   0.42000   0.00000
JUN-03-2005  22:00:00      0.21    0.0000   0.00000   0.00000   0.00000   0.64379   0.00000  20.04805   0.42000   0.00000
JUN-03-2005  22:05:00      1.61    0.0000   0.00000   0.00000   0.00000   0.63549   0.00000  20.06136   0.42000   0.00000
JUN-03-2005  22:10:00      1.12    0.0000   0.00000   0.00000   0.00000   0.69904   0.00000  20.17006   0.42000   0.00000
JUN-03-2005  22:15:00      0.21    0.0000   0.00000   0.00000   0.00000   0.69552   0.00000  20.14464   0.42000   0.00000
JUN-03-2005  22:20:00      1.57    0.0000   0.00000   0.00000   0.00000   0.68333   0.00000  20.15045   0.42000   0.00000
JUN-03-2005  22:25:00      1.08    0.0000   0.00000   0.00000   0.00000   0.74393   0.00000  20.25062   0.42000   0.00000
JUN-03-2005  22:30:00      0.17    0.0000   0.00000   0.00000   0.00000   0.73575   0.00000  20.21693   0.42000   0.00000
JUN-03-2005  22:35:00      0.00    0.0000   0.00000   0.00000   0.00000   0.69749   0.00000  20.14387   0.42000   0.00000
JUN-03-2005  22:40:00      0.00    0.0000   0.00000   0.00000   0.00000   0.65964   0.00000  20.07360   0.42000   0.00000
JUN-03-2005  22:45:00      0.00    0.0000   0.00000   0.00000   0.00000   0.62461   0.00000  20.00710   0.42000   0.00000
JUN-03-2005  22:50:00      0.00    0.0000   0.00000   0.00000   0.00000   0.59214   0.00000  19.94409   0.42000   0.00000
JUN-03-2005  22:55:00      0.00    0.0000   0.00000   0.00000   0.00000   0.56198   0.00000  19.88431   0.42000   0.00000
JUN-03-2005  23:00:00      0.00    0.0000   0.00000   0.00000   0.00000   0.53394   0.00000  19.82754   0.42000   0.00000
JUN-03-2005  23:05:00      0.00    0.0000   0.00000   0.00000   0.00000   0.50781   0.00000  19.77357   0.42000   0.00000
JUN-03-2005  23:10:00      0.00    0.0000   0.00000   0.00000   0.00000   0.48345   0.00000  19.72221   0.42000   0.00000
JUN-03-2005  23:15:00      0.00    0.0000   0.00000   0.00000   0.00000   0.46069   0.00000  19.67328   0.42000   0.00000
JUN-03-2005  23:20:00      0.00    0.0000   0.00000   0.00000   0.00000   0.43941   0.00000  19.62664   0.42000   0.00000
JUN-03-2005  23:25:00      0.00    0.0000   0.00000   0.00000   0.00000   0.41947   0.00000  19.58212   0.42000   0.00000
JUN-03-2005  23:30:00      0.00    0.0000   0.00000   0.00000   0.00000   0.40079   0.00000  19.53960   0.42000   0.00000
JUN-03-2005  23:35:00      0.00    0.0000   0.00000   0.00000   0.00000   0.38325   0.00000  19.49896   0.42000   0.00000
JUN-03-2005  23:40:00      0.12    0.0000   0.00000   0.00000   0.00000   0.36884   0.00000  19.46751   0.42000   0.00000
JUN-03-2005  23:45:00      1.57    0.0000   0.00000   0.00000   0.00000   0.37335   0.00000  19.50843   0.42000   0.00000
JUN-03-2005  23:50:00      1.09    0.0000   0.00000   0.00000   0.00000   0.43577   0.00000  19.64126   0.42000   0.00000
JUN-03-2005  23:55:00      0.17    0.0000   0.00000   0.00000   0.00000   0.44339   0.00000  19.63905   0.42000   0.00000
JUN-04-2005  00:00:00      0.00    0.0000   0.00000   0.00000   0.00000   0.42529   0.00000  19.59519   0.42000   0.00000
JUN-04-2005  00:05:00      0.00    0.0000   0.00000   0.00000   0.00000   0.40624   0.00000  19.55209   0.42000   0.00000
JUN-04-2005  00:10:00      0.00    0.0000   0.00000   0.00000   0.00000   0.38837   0.00000  19.51090   0.42000   0.00000
JUN-04-2005  00:15:00      0.00    0.0000   0.00000   0.00000   0.00000   0.37158   0.00000  19.47150   0.42000   0.00000
JUN-04-2005  00:20:00      0.00    0.0000   0.00000   0.00000   0.00000   0.35579   0.00000  19.43379   0.42000   0.00000
JUN-04-2005  00:25:00      0.00    0.0000   0.00000   0.00000   0.00000   0.34093   0.00000  19.39767   0.42000   0.00000
JUN-04-2005  00:30:00      0.00    0.0000   0.00000   0.00000   0.00000   0.32692   0.00000  19.36304   0.42000   0.00000
JUN-04-2005  00:35:00      0.00    0.0000   0.00000   0.00000   0.00000   0.31370   0.00000  19.32981   0.42000   0.00000
JUN-04-2005  00:40:00      0.00    0.0000   0.00000   0.00000   0.00000   0.30123   0.00000  19.29792   0.42000   0.00000
JUN-04-2005  00:45:00      0.00    0.0000   0.00000   0.00000   0.00000   0.28943   0.00000  19.26729   0.42000   0.00000
JUN-04-2005  00:50:00      0.00    0.0000   0.00000   0.00000   0.00000   0.27828   0.00000  19.23784   0.42000   0.00000
JUN-04-2005  00:55:00      0.00    0.0000   0.00000   0.00000   0.00000   0.26771   0.00000  19.20952   0.42000   0.00000
JUN-04-2005  01:00:00      0.00    0.0000   0.00000   0.00000   0.00000   0.25770   0.00000  19.18226   0.42000   0.00000
JUN-04-2005  01:05:00      0.00    0.0000   0.00000   0.00000   0.00000   0.24821   0.00000  19.15602   0.42000   0.00000
JUN-04-2005  01:10:00      0.00    0.0000   0.00000   0.00000   0.00000   0.23920   0.00000  19.13073   0.42000   0.00000
JUN-04-2005  01:15:00      0.00    0.0000   0.00000   0.00000   0.00000   0.23064   0.00000  19.10635   0.42000   0.00000
JUN-04-2005  01:20:00      0.00    0.0000   0.00000   0.00000   0.00000   0.22251   0.00000  19.08284   0.42000   0.00000
JUN-04-2005  01:25:00      0.00    0.0000   0.00000   0.00000   0.00000   0.21477   0.00000  19.06014   0.42000   0.00000
JUN-04-2005  01:30:00      0.00    0.0000   0.00000   0.00000   0.00000   0.20740   0.00000  19.03824   0.42000   0.00000
JUN-04-2005  01:35:00      0.00    0.0000   0.00000   0.00000   0.00000   0.20039   0.00000  19.01707   0.42000   0.00000
JUN-04-2005  01:40:00      0.00    0.0000   0.00000   0.00000   0.00000   0.19370   0.00000  18.99662   0.42000   0.00000
JUN-04-2005  01:45:00      0.00    0.0000   0.00000   0.00000   0.00000   0.18732   0.00000  18.97684   0.42000   0.00000
JUN-04-2005  01:50:00      0.00    0.0000   0.00000   0.00000   0.00000   0.18123   0.00000  18.95771   0.42000   0.00000
JUN-04-2005  01:55:00      0.00    0.0000   0.00000   0.00000   0.00000   0.17541   0.00000  18.93920   0.42000   0.00000
JUN-04-2005  02:00:00      0.00    0.0000   0.00000   0.00000   0.00000   0.16986   0.00000  18.92128   0.42000   0.00000
JUN-04-2005  02:05:00      0.00    0.0000   0.00000   0.00000   0.00000   0.16454   0.00000  18.90392   0.42000   0.00000
JUN-04-2005  02:10:00      0.00    0.0000   0.00000   0.00000   0.00000   0.15946   0.00000  18.88710   0.42000   0.00000
JUN-04-2005  02:15:00      0.00    0.0000   0.00000   0.00000   0.00000   0.15459   0.00000  18.87080   0.42000   0.00000
JUN-04-2005  02:20:00      0.00    0.0000   0.00000   0.00000   0.00000   0.14993   0.00000  18.85499   0.42000   0.00000
JUN-04-2005  02:25:00      0.00    0.0000   0.00000   0.00000   0.00000   0.14546   0.00000  18.83965   0.42000   0.00000
JUN-04-2005  02:30:00      0.00    0.0000   0.00000   0.00000   0.00000   0.14118   0.00000  18.82476   0.42000   0.00000
JUN-04-2005  02:35:00      0.00    0.0000   0.00000   0.00000   0.00000   0.13707   0.00000  18.81032   0.42000   0.00000
JUN-04-2005  02:40:00      0.00    0.0000   0.00000   0.00000   0.00000   0.13313   0.00000  18.79629   0.42000   0.00000
JUN-04-2005  02:45:00      0.00    0.0000   0.00000   0.00000   0.00000   0.12935   0.00000  18.78266   0.42000   0.00000
JUN-04-2005  02:50:00      0.00    0.0000   0.00000   0.00000   0.00000   0.12571   0.00000  18.76941   0.42000   0.00000
JUN-04-2005  02:55:00      0.00    0.0000   0.00000   0.00000   0.00000   0.12222   0.00000  18.75653   0.42000   0.00000
JUN-04-2005  03:00:00      0.00    0.0000   0.00000   0.00000   0.00000   0.11886   0.00000  18.74401   0.42000   0.00000
JUN-04-2005  03:05:00      0.00    0.0000   0.00000   0.00000   0.00000   0.11563   0.00000  18.73184   0.42000   0.00000
JUN-04-2005  03:10:00      0.00    0.0000   0.00000   0.00000   0.00000   0.11252   0.00000  18.71999   0.42000   0.00000
JUN-04-2005  03:15:00      0.00    0.0000   0.00000   0.00000   0.00000   0.10952   0.00000  18.70846   0.42000   0.00000
JUN-04-2005  03:20:00      0.00    0.0000   0.00000   0.00000   0.00000   0.10664   0.00000  18.69723   0.42000   0.00000
JUN-04-2005  03:25:00      0.00    0.0000   0.00000   0.00000   0.00000   0.10386   0.00000  18.68629   0.42000   0.00000
JUN-04-2005  03:30:00      0.12    0.0000   0.00000   0.00000   0.00000   0.10243   0.00000  18.68311   0.42000   0.00000
JUN-04-2005  03:35:00      1.57    0.0000   0.00000   0.00000   0.00000   0.11216   0.00000  18.75141   0.42000   0.00000
JUN-04-2005  03:40:00      1.09    0.0000   0.00000   0.00000   0.00000   0.16035   0.00000  18.91284   0.42000   0.00000
JUN-04-2005  03:45:00      0.17    0.0000   0.00000   0.00000   0.00000   0.17432   0.00000  18.93933   0.42000   0.00000
JUN-04-2005  03:50:00      0.00    0.0000   0.00000   0.00000   0.00000   0.17028   0.00000  18.92265   0.42000   0.00000
JUN-04-2005  03:55:00      0.00    0.0000   0.00000   0.00000   0.00000   0.16495   0.00000  18.90525   0.42000   0.00000
JUN-04-2005  04:00:00      1.58    0.0000   0.00000   0.00000   0.00000   0.17241   0.00000  18.96242   0.42000   0.00000
JUN-04-2005  04:05:00      1.10    0.0000   0.00000   0.00000   0.00000   0.22662   0.00000  19.11761   0.42000   0.00000
JUN-04-2005  04:10:00      0.18    0.0000   0.00000   0.00000   0.00000   0.24029   0.00000  19.13746   0.42000   0.00000
JUN-04-2005  04:15:00      0.00    0.0000   0.00000   0.00000   0.00000   0.23335   0.00000  19.11409   0.42000   0.00000
JUN-04-2005  04:20:00      0.00    0.0000   0.00000   0.00000   0.00000   0.22508   0.00000  19.09030   0.42000   0.00000
JUN-04-2005  04:25:00      0.00    0.0000   0.00000   0.00000   0.00000   0.21722   0.00000  19.06735   0.42000   0.00000
JUN-04-2005  04:30:00      0.00    0.0000   0.00000   0.00000   0.00000   0.20973   0.00000  19.04519   0.42000   0.00000
JUN-04-2005  04:35:00      0.00    0.0000   0.00000   0.00000   0.00000   0.20261   0.00000  19.02379   0.42000   0.00000
JUN-04-2005  04:40:00      0.00    0.0000   0.00000   0.00000   0.00000   0.19581   0.00000  19.00312   0.42000   0.00000
JUN-04-2005  04:45:00      0.00    0.0000   0.00000   0.00000   0.00000   0.18934   0.00000  18.98313   0.42000   0.00000
JUN-04-2005  04:50:00      0.00    0.0000   0.00000   0.00000   0.00000   0.18315   0.00000  18.96379   0.42000   0.00000
JUN-04-2005  04:55:00      0.00    0.0000   0.00000   0.00000   0.00000   0.17725   0.00000  18.94508   0.42000   0.00000
JUN-04-2005  05:00:00      0.00    0.0000   0.00000   0.00000   0.00000   0.17161   0.00000  18.92698   0.42000   0.00000
JUN-04-2005  05:05:00      0.00    0.0000   0.00000   0.00000   0.00000   0.16622   0.00000  18.90944   0.42000   0.00000
JUN-04-2005  05:10:00      0.00    0.0000   0.00000   0.00000   0.00000   0.16107   0.00000  18.89245   0.42000   0.00000
JUN-04-2005  05:15:00      0.00    0.0000   0.00000   0.00000   0.00000   0.15613   0.00000  18.87598   0.42000   0.00000
JUN-04-2005  05:20:00      0.00    0.0000   0.00000   0.00000   0.00000   0.15141   0.00000  18.86001   0.42000   0.00000
JUN-04-2005  05:25:00      0.00    0.0000   0.00000   0.00000   0.00000   0.14688   0.00000  18.84453   0.42000   0.00000
JUN-04-2005  05:30:00      0.00    0.0000   0.00000   0.00000   0.00000   0.14254   0.00000  18.82950   0.42000   0.00000
JUN-04-2005  05:35:00      0.00    0.0000   0.00000   0.00000   0.00000   0.13838   0.00000  18.81491   0.42000   0.00000
JUN-04-2005  05:40:00      0.00    0.0000   0.00000   0.00000   0.00000   0.13438   0.00000  18.80075   0.42000   0.00000
JUN-04-2005  05:45:00      0.00    0.0000   0.00000   0.00000   0.00000   0.13055   0.00000  18.78699   0.42000   0.00000
JUN-04-2005  05:50:00      0.00    0.0000   0.00000   0.00000   0.00000   0.12686   0.00000  18.77363   0.42000   0.00000
JUN-04-2005  05:55:00      0.00    0.0000   0.00000   0.00000   0.00000   0.12333   0.00000  18.76063   0.42000   0.00000
JUN-04-2005  06:00:00      0.00    0.0000   0.00000   0.00000   0.00000   0.11992   0.00000  18.74800   0.42000   0.00000
JUN-04-2005  06:05:00      0.00    0.0000   0.00000   0.00000   0.00000   0.11665   0.00000  18.73571   0.42000   0.00000
JUN-04-2005  06:10:00      0.00    0.0000   0.00000   0.00000   0.00000   0.11350   0.00000  18.72376   0.42000   0.00000
JUN-04-2005  06:15:00      0.00    0.0000   0.00000   0.00000   0.00000   0.11047   0.00000  18.71213   0.42000   0.00000
JUN-04-2005  06:20:00      0.00    0.0000   0.00000   0.00000   0.00000   0.10755   0.00000  18.70080   0.42000   0.00000
JUN-04-2005  06:25:00      0.00    0.0000   0.00000   0.00000   0.00000   0.10474   0.00000  18.68978   0.42000   0.00000
JUN-04-2005  06:30:00      0.00    0.0000   0.00000   0.00000   0.00000   0.10203   0.00000  18.67904   0.42000   0.00000
JUN-04-2005  06:35:00      0.00    0.0000   0.00000   0.00000   0.00000   0.09942   0.00000  18.66857   0.42000   0.00000
JUN-04-2005  06:40:00      0.00    0.0000   0.00000   0.00000   0.00000   0.09690   0.00000  18.65837   0.42000   0.00000
JUN-04-2005  06:45:00      0.00    0.0000   0.00000   0.00000   0.00000   0.09447   0.00000  18.64843   0.42000   0.00000
JUN-04-2005  06:50:00      0.00    0.0000   0.00000   0.00000   0.00000   0.09212   0.00000  18.63874   0.42000   0.00000
JUN-04-2005  06:55:00      0.00    0.0000   0.00000   0.00000   0.00000   0.08986   0.00000  18.62929   0.42000   0.00000
JUN-04-2005  07:00:00      0.00    0.0000   0.00000   0.00000   0.00000   0.08767   0.00000  18.62006   0.42000   0.00000