SWMM5 LID Report File

Project:  
LID Unit: Swale1 in Subcatchment SwaleArea

Elapsed	    Total	    Total	  Surface	     Soil	   Bottom	  Surface	    Drain	  Surface	    Soil/	  Storage
   Time	   Inflow	     Evap	    Infil	     Perc	    Infil	   Runoff	  Outflow	    Depth	    Pave 	    Depth
  Hours	    in/hr	    in/hr	    in/hr	    in/hr	    in/hr	    in/hr	    in/hr	   inches	    Moist	   inches
-------	 --------	 --------	 --------	 --------	 --------	 --------	 --------	 --------	 --------	 --------
FEB-15-2010  21:35:00      0.00    0.0000   0.00000   0.00000   0.00000   0.00000   0.00000   0.00000   0.00000   0.00000
FEB-15-2010  21:40:00      0.00    0.0000   0.00000   0.00000   0.00000   0.00000   0.00000   0.00000   0.00000   0.00000
FEB-15-2010  21:45:00      0.00    0.0000   0.00000   0.00000   0.00000   0.00000   0.00000   0.00000   0.00000   0.00000
FEB-15-2010  21:50:00      0.00    0.0000   0.00000   0.00000   0.00000   0.00000   0.00000   0.00000   0.00000   0.00000
FEB-15-2010  21:55:00      0.01    0.0000   0.01361   0.00000   0.00708   0.00000   0.00000   0.00052   0.00000   0.00000
FEB-15-2010  22:00:00      0.22    0.0000   0.32813   0.00000   0.17065   0.00005   0.00000   0.00216   0.00000   0.00000
FEB-15-2010  22:05:00      0.26    0.0000   0.48357   0.00000   0.25153   0.00016   0.00000   0.00367   0.00000   0.00000
FEB-15-2010  22:10:00      0.26    0.0000   0.49786   0.00000   0.25897   0.00018   0.00000   0.00393   0.00000   0.00000
FEB-15-2010  22:15:00      0.25    0.0000   0.48694   0.00000   0.25329   0.00017   0.00000   0.00386   0.00000   0.00000
FEB-15-2010  22:20:00      0.27    0.0000   0.51576   0.00000   0.26828   0.00019   0.00000   0.00419   0.00000   0.00000
FEB-15-2010  22:25:00      0.33    0.0000   0.61273   0.00000   0.31874   0.00024   0.00000   0.00501   0.00000   0.00000
FEB-15-2010  22:30:00      0.42    0.0000   0.78472   0.00000   0.40825   0.00036   0.00000   0.00646   0.00000   0.00000
FEB-15-2010  22:35:00      0.61    0.0000   1.19507   0.00000   0.62190   0.00079   0.00000   0.01007   0.00000   0.00000
FEB-15-2010  22:40:00      0.55    0.0000   1.01625   0.00000   0.52877   0.00055   0.00000   0.00782   0.00000   0.00000
FEB-15-2010  22:45:00      0.60    0.0000   1.13398   0.00000   0.59007   0.00069   0.00000   0.00904   0.00000   0.00000
FEB-15-2010  22:50:00      0.61    0.0000   1.16676   0.00000   0.60715   0.00074   0.00000   0.00925   0.00000   0.00000
FEB-15-2010  22:55:00      0.57    0.0000   1.11022   0.00000   0.57771   0.00069   0.00000   0.00877   0.00000   0.00000
FEB-15-2010  23:00:00      0.54    0.0000   1.04698   0.00000   0.54478   0.00062   0.00000   0.00833   0.00000   0.00000
FEB-15-2010  23:05:00      0.50    0.0000   0.97329   0.00000   0.50641   0.00056   0.00000   0.00769   0.00000   0.00000
FEB-15-2010  23:10:00      0.50    0.0000   0.95340   0.00000   0.49606   0.00053   0.00000   0.00767   0.00000   0.00000
FEB-15-2010  23:15:00      0.66    0.0000   1.28849   0.00000   0.67055   0.00090   0.00000   0.01086   0.00000   0.00000
FEB-15-2010  23:20:00      0.58    0.0000   1.08905   0.00000   0.56667   0.00063   0.00000   0.00837   0.00000   0.00000
FEB-15-2010  23:25:00      0.60    0.0000   1.15427   0.00000   0.60064   0.00072   0.00000   0.00914   0.00000   0.00000
FEB-15-2010  23:30:00      0.59    0.0000   1.13486   0.00000   0.59054   0.00071   0.00000   0.00897   0.00000   0.00000
FEB-15-2010  23:35:00      0.57    0.0000   1.09765   0.00000   0.57116   0.00067   0.00000   0.00875   0.00000   0.00000
FEB-15-2010  23:40:00      0.57    0.0000   1.08776   0.00000   0.56601   0.00066   0.00000   0.00869   0.00000   0.00000
FEB-15-2010  23:45:00      0.60    0.0000   1.15889   0.00000   0.60306   0.00074   0.00000   0.00912   0.00000   0.00000
FEB-15-2010  23:50:00      0.61    0.0000   1.17545   0.00000   0.61168   0.00075   0.00000   0.00941   0.00000   0.00000
FEB-15-2010  23:55:00      0.67    0.0000   1.26563   0.00000   0.65863   0.00083   0.00000   0.01022   0.00000   0.00000
FEB-16-2010  00:00:00      0.76    0.0000   1.22834   0.00000   0.63952   0.00183   0.00000   0.01930   0.00000   0.00000
FEB-16-2010  00:05:00      0.81    0.0000   1.19469   0.00000   0.62313   0.00823   0.00000   0.04520   0.00000   0.00000
FEB-16-2010  00:10:00      0.85    0.0000   1.16611   0.00000   0.60963   0.02122   0.00000   0.07655   0.00000   0.00000
FEB-16-2010  00:15:00      0.86    0.0000   1.14145   0.00000   0.59834   0.04192   0.00000   0.11187   0.00000   0.00000
FEB-16-2010  00:20:00      0.83    0.0000   1.11919   0.00000   0.58819   0.06699   0.00000   0.14450   0.00000   0.00000
FEB-16-2010  00:25:00      0.86    0.0000   1.09803   0.00000   0.57823   0.08956   0.00000   0.17113   0.00000   0.00000
FEB-16-2010  00:30:00      0.92    0.0000   1.07968   0.00000   0.56998   0.12096   0.00000   0.20491   0.00000   0.00000
FEB-16-2010  00:35:00      0.90    0.0000   1.06318   0.00000   0.56273   0.15819   0.00000   0.23809   0.00000   0.00000
FEB-16-2010  00:40:00      0.82    0.0000   1.04663   0.00000   0.55495   0.18563   0.00000   0.25857   0.00000   0.00000
FEB-16-2010  00:45:00      0.77    0.0000   1.02970   0.00000   0.54637   0.19729   0.00000   0.26609   0.00000   0.00000
FEB-16-2010  00:50:00      0.76    0.0000   1.01330   0.00000   0.53779   0.20127   0.00000   0.26915   0.00000   0.00000
FEB-16-2010  00:55:00      0.79    0.0000   0.99831   0.00000   0.53005   0.20787   0.00000   0.27526   0.00000   0.00000
FEB-16-2010  01:00:00      0.83    0.0000   0.98492   0.00000   0.52334   0.22105   0.00000   0.28662   0.00000   0.00000
FEB-16-2010  01:05:00      0.86    0.0000   0.97293   0.00000   0.51756   0.24086   0.00000   0.30193   0.00000   0.00000
FEB-16-2010  01:10:00      0.88    0.0000   0.96175   0.00000   0.51220   0.26191   0.00000   0.31753   0.00000   0.00000
FEB-16-2010  01:15:00      0.95    0.0000   0.95164   0.00000   0.50754   0.28912   0.00000   0.33800   0.00000   0.00000
FEB-16-2010  01:20:00      0.99    0.0000   0.94262   0.00000   0.50364   0.32473   0.00000   0.36233   0.00000   0.00000
FEB-16-2010  01:25:00      1.09    0.0000   0.93467   0.00000   0.50049   0.37079   0.00000   0.39390   0.00000   0.00000
FEB-16-2010  01:30:00      1.25    0.0000   0.92794   0.00000   0.49829   0.43295   0.00000   0.43406   0.00000   0.00000
FEB-16-2010  01:35:00      1.49    0.0000   0.92330   0.00000   0.49786   0.53209   0.00000   0.49406   0.00000   0.00000
FEB-16-2010  01:40:00      1.52    0.0000   0.92025   0.00000   0.49879   0.66833   0.00000   0.56203   0.00000   0.00000
FEB-16-2010  01:45:00      1.61    0.0000   0.91562   0.00000   0.49815   0.77541   0.00000   0.61170   0.00000   0.00000
FEB-16-2010  01:50:00      1.73    0.0000   0.91129   0.00000   0.49769   0.89089   0.00000   0.66394   0.00000   0.00000
FEB-16-2010  01:55:00      1.44    0.0000   0.90580   0.00000   0.49602   0.97583   0.00000   0.69032   0.00000   0.00000
FEB-16-2010  02:00:00      1.08    0.0000   0.89574   0.00000   0.48982   0.93041   0.00000   0.66135   0.00000   0.00000
FEB-16-2010  02:05:00      0.87    0.0000   0.88289   0.00000   0.48076   0.80057   0.00000   0.60058   0.00000   0.00000
FEB-16-2010  02:10:00      0.78    0.0000   0.87023   0.00000   0.47170   0.66937   0.00000   0.53958   0.00000   0.00000
FEB-16-2010  02:15:00      0.69    0.0000   0.85892   0.00000   0.46377   0.56672   0.00000   0.48837   0.00000   0.00000
FEB-16-2010  02:20:00      0.59    0.0000   0.84802   0.00000   0.45609   0.46975   0.00000   0.43521   0.00000   0.00000
FEB-16-2010  02:25:00      0.52    0.0000   0.83764   0.00000   0.44878   0.38220   0.00000   0.38432   0.00000   0.00000
FEB-16-2010  02:30:00      0.48    0.0000   0.82809   0.00000   0.44212   0.31011   0.00000   0.33901   0.00000   0.00000
FEB-16-2010  02:35:00      0.43    0.0000   0.81924   0.00000   0.43603   0.25031   0.00000   0.29788   0.00000   0.00000
FEB-16-2010  02:40:00      0.39    0.0000   0.81096   0.00000   0.43036   0.19969   0.00000   0.25964   0.00000   0.00000
FEB-16-2010  02:45:00      0.38    0.0000   0.80316   0.00000   0.42506   0.15663   0.00000   0.22434   0.00000   0.00000
FEB-16-2010  02:50:00      0.37    0.0000   0.79601   0.00000   0.42029   0.12320   0.00000   0.19440   0.00000   0.00000
FEB-16-2010  02:55:00      0.34    0.0000   0.78938   0.00000   0.41594   0.09669   0.00000   0.16759   0.00000   0.00000
FEB-16-2010  03:00:00      0.32    0.0000   0.78298   0.00000   0.41172   0.07279   0.00000   0.14058   0.00000   0.00000
FEB-16-2010  03:05:00      0.31    0.0000   0.77685   0.00000   0.40769   0.05248   0.00000   0.11506   0.00000   0.00000
FEB-16-2010  03:10:00      0.30    0.0000   0.77110   0.00000   0.40395   0.03653   0.00000   0.09195   0.00000   0.00000
FEB-16-2010  03:15:00      0.27    0.0000   0.76556   0.00000   0.40034   0.02326   0.00000   0.06890   0.00000   0.00000
FEB-16-2010  03:20:00      0.24    0.0000   0.76007   0.00000   0.39673   0.01186   0.00000   0.04390   0.00000   0.00000
FEB-16-2010  03:25:00      0.21    0.0000   0.75454   0.00000   0.39301   0.00299   0.00000   0.01556   0.00000   0.00000
FEB-16-2010  03:30:00      0.21    0.0000   0.29675   0.00000   0.15433   0.00004   0.00000   0.00388   0.00000   0.00000
FEB-16-2010  03:35:00      0.22    0.0000   0.39324   0.00000   0.20453   0.00011   0.00000   0.00338   0.00000   0.00000
FEB-16-2010  03:40:00      0.24    0.0000   0.45057   0.00000   0.23436   0.00015   0.00000   0.00369   0.00000   0.00000
FEB-16-2010  03:45:00      0.25    0.0000   0.48423   0.00000   0.25188   0.00017   0.00000   0.00387   0.00000   0.00000
FEB-16-2010  03:50:00      0.29    0.0000   0.54404   0.00000   0.28299   0.00020   0.00000   0.00444   0.00000   0.00000
FEB-16-2010  03:55:00      0.50    0.0000   0.74008   0.00000   0.38510   0.00065   0.00000   0.01197   0.00000   0.00000
FEB-16-2010  04:00:00      0.48    0.0000   0.73804   0.00000   0.38455   0.00414   0.00000   0.02872   0.00000   0.00000
FEB-16-2010  04:05:00      0.50    0.0000   0.73598   0.00000   0.38396   0.00930   0.00000   0.04591   0.00000   0.00000
FEB-16-2010  04:10:00      0.45    0.0000   0.73390   0.00000   0.38332   0.01549   0.00000   0.05964   0.00000   0.00000
FEB-16-2010  04:15:00      0.43    0.0000   0.73134   0.00000   0.38218   0.01850   0.00000   0.06499   0.00000   0.00000
FEB-16-2010  04:20:00      0.41    0.0000   0.72865   0.00000   0.38086   0.02004   0.00000   0.06761   0.00000   0.00000
FEB-16-2010  04:25:00      0.43    0.0000   0.72592   0.00000   0.37948   0.02079   0.00000   0.06971   0.00000   0.00000
FEB-16-2010  04:30:00      0.48    0.0000   0.72360   0.00000   0.37847   0.02451   0.00000   0.07819   0.00000   0.00000
FEB-16-2010  04:35:00      0.48    0.0000   0.72163   0.00000   0.37780   0.03148   0.00000   0.09050   0.00000   0.00000
FEB-16-2010  04:40:00      0.46    0.0000   0.71955   0.00000   0.37698   0.03733   0.00000   0.09923   0.00000   0.00000
FEB-16-2010  04:45:00      0.44    0.0000   0.71731   0.00000   0.37597   0.04112   0.00000   0.10429   0.00000   0.00000
FEB-16-2010  04:50:00      0.42    0.0000   0.71491   0.00000   0.37478   0.04257   0.00000   0.10600   0.00000   0.00000
FEB-16-2010  04:55:00      0.49    0.0000   0.71267   0.00000   0.37372   0.04532   0.00000   0.11216   0.00000   0.00000
FEB-16-2010  05:00:00      0.55    0.0000   0.71100   0.00000   0.37322   0.05490   0.00000   0.12686   0.00000   0.00000
FEB-16-2010  05:05:00      0.66    0.0000   0.70990   0.00000   0.37329   0.07294   0.00000   0.15240   0.00000   0.00000
FEB-16-2010  05:10:00      0.77    0.0000   0.70954   0.00000   0.37413   0.10536   0.00000   0.19075   0.00000   0.00000
FEB-16-2010  05:15:00      0.79    0.0000   0.70982   0.00000   0.37562   0.15511   0.00000   0.23803   0.00000   0.00000
FEB-16-2010  05:20:00      0.66    0.0000   0.70933   0.00000   0.37631   0.19462   0.00000   0.26654   0.00000   0.00000
FEB-16-2010  05:25:00      0.56    0.0000   0.70750   0.00000   0.37558   0.20496   0.00000   0.27098   0.00000   0.00000
FEB-16-2010  05:30:00      0.50    0.0000   0.70497   0.00000   0.37407   0.19751   0.00000   0.26330   0.00000   0.00000
FEB-16-2010  05:35:00      0.45    0.0000   0.70214   0.00000   0.37221   0.18217   0.00000   0.24969   0.00000   0.00000
FEB-16-2010  05:40:00      0.41    0.0000   0.69912   0.00000   0.37013   0.16187   0.00000   0.23180   0.00000   0.00000
FEB-16-2010  05:45:00      0.39    0.0000   0.69607   0.00000   0.36798   0.14044   0.00000   0.21249   0.00000   0.00000
FEB-16-2010  05:50:00      0.40    0.0000   0.69312   0.00000   0.36592   0.12133   0.00000   0.19529   0.00000   0.00000
FEB-16-2010  05:55:00      0.54    0.0000   0.69085   0.00000   0.36455   0.11512   0.00000   0.19407   0.00000   0.00000
FEB-16-2010  06:00:00      0.51    0.0000   0.68929   0.00000   0.36392   0.12226   0.00000   0.19951   0.00000   0.00000
FEB-16-2010  06:05:00      0.63    0.0000   0.68786   0.00000   0.36342   0.13182   0.00000   0.21220   0.00000   0.00000
FEB-16-2010  06:10:00      0.61    0.0000   0.68708   0.00000   0.36361   0.15573   0.00000   0.23346   0.00000   0.00000
FEB-16-2010  06:15:00      0.53    0.0000   0.68576   0.00000   0.36320   0.16772   0.00000   0.24091   0.00000   0.00000
FEB-16-2010  06:20:00      0.47    0.0000   0.68380   0.00000   0.36207   0.16404   0.00000   0.23584   0.00000   0.00000
FEB-16-2010  06:25:00      0.42    0.0000   0.68153   0.00000   0.36058   0.15218   0.00000   0.22420   0.00000   0.00000
FEB-16-2010  06:30:00      0.37    0.0000   0.67903   0.00000   0.35883   0.13469   0.00000   0.20727   0.00000   0.00000
FEB-16-2010  06:35:00      0.37    0.0000   0.67644   0.00000   0.35694   0.11510   0.00000   0.18860   0.00000   0.00000
FEB-16-2010  06:40:00      0.42    0.0000   0.67412   0.00000   0.35534   0.10141   0.00000   0.17663   0.00000   0.00000
FEB-16-2010  06:45:00      0.43    0.0000   0.67234   0.00000   0.35431   0.09803   0.00000   0.17375   0.00000   0.00000
FEB-16-2010  06:50:00      0.40    0.0000   0.67052   0.00000   0.35322   0.09351   0.00000   0.16801   0.00000   0.00000
FEB-16-2010  06:55:00      0.35    0.0000   0.66852   0.00000   0.35191   0.08483   0.00000   0.15741   0.00000   0.00000
FEB-16-2010  07:00:00      0.32    0.0000   0.66634   0.00000   0.35038   0.07256   0.00000   0.14242   0.00000   0.00000
FEB-16-2010  07:05:00      0.30    0.0000   0.66409   0.00000   0.34875   0.05923   0.00000   0.12558   0.00000   0.00000
FEB-16-2010  07:10:00      0.29    0.0000   0.66188   0.00000   0.34715   0.04709   0.00000   0.10917   0.00000   0.00000
FEB-16-2010  07:15:00      0.28    0.0000   0.65973   0.00000   0.34561   0.03652   0.00000   0.09326   0.00000   0.00000
FEB-16-2010  07:20:00      0.26    0.0000   0.65759   0.00000   0.34405   0.02662   0.00000   0.07631   0.00000   0.00000
FEB-16-2010  07:25:00      0.25    0.0000   0.65542   0.00000   0.34244   0.01740   0.00000   0.05822   0.00000   0.00000
FEB-16-2010  07:30:00      0.23    0.0000   0.65327   0.00000   0.34083   0.00965   0.00000   0.03962   0.00000   0.00000
FEB-16-2010  07:35:00      0.22    0.0000   0.65111   0.00000   0.33920   0.00361   0.00000   0.02017   0.00000   0.00000
FEB-16-2010  07:40:00      0.21    0.0000   0.48074   0.00000   0.25007   0.00022   0.00000   0.00189   0.00000   0.00000
FEB-16-2010  07:45:00      0.21    0.0000   0.41501   0.00000   0.21586   0.00014   0.00000   0.00297   0.00000   0.00000
FEB-16-2010  07:50:00      0.20    0.0000   0.38896   0.00000   0.20231   0.00012   0.00000   0.00305   0.00000   0.00000
FEB-16-2010  07:55:00      0.19    0.0000   0.37411   0.00000   0.19458   0.00011   0.00000   0.00297   0.00000   0.00000
FEB-16-2010  08:00:00      0.19    0.0000   0.36132   0.00000   0.18793   0.00011   0.00000   0.00288   0.00000   0.00000
FEB-16-2010  08:05:00      0.18    0.0000   0.35108   0.00000   0.18260   0.00010   0.00000   0.00280   0.00000   0.00000
FEB-16-2010  08:10:00      0.15    0.0000   0.29528   0.00000   0.15358   0.00008   0.00000   0.00227   0.00000   0.00000
FEB-16-2010  08:15:00      0.11    0.0000   0.21988   0.00000   0.11435   0.00005   0.00000   0.00171   0.00000   0.00000
FEB-16-2010  08:20:00      0.08    0.0000   0.16662   0.00000   0.08665   0.00003   0.00000   0.00131   0.00000   0.00000
FEB-16-2010  08:25:00      0.07    0.0000   0.12850   0.00000   0.06682   0.00002   0.00000   0.00101   0.00000   0.00000
FEB-16-2010  08:30:00      0.05    0.0000   0.09980   0.00000   0.05190   0.00001   0.00000   0.00078   0.00000   0.00000
FEB-16-2010  08:35:00      0.04    0.0000   0.07814   0.00000   0.04064   0.00001   0.00000   0.00061   0.00000   0.00000
FEB-16-2010  08:40:00      0.03    0.0000   0.06249   0.00000   0.03250   0.00001   0.00000   0.00049   0.00000   0.00000
FEB-16-2010  08:45:00      0.03    0.0000   0.05064   0.00000   0.02634   0.00000   0.00000   0.00040   0.00000   0.00000
FEB-16-2010  08:50:00      0.02    0.0000   0.04174   0.00000   0.02171   0.00000   0.00000   0.00033   0.00000   0.00000
FEB-16-2010  08:55:00      0.02    0.0000   0.03457   0.00000   0.01798   0.00000   0.00000   0.00027   0.00000   0.00000
FEB-16-2010  09:00:00      0.01    0.0000   0.02854   0.00000   0.01484   0.00000   0.00000   0.00022   0.00000   0.00000
FEB-16-2010  09:05:00      0.01    0.0000   0.02391   0.00000   0.01244   0.00000   0.00000   0.00019   0.00000   0.00000
FEB-16-2010  09:10:00      0.01    0.0000   0.02148   0.00000   0.01117   0.00000   0.00000   0.00017   0.00000   0.00000
FEB-16-2010  09:15:00      0.01    0.0000   0.01778   0.00000   0.00924   0.00000   0.00000   0.00014   0.00000   0.00000
FEB-16-2010  09:20:00      0.01    0.0000   0.01552   0.00000   0.00807   0.00000   0.00000   0.00013   0.00000   0.00000
FEB-16-2010  09:25:00      0.01    0.0000   0.01378   0.00000   0.00717   0.00000   0.00000   0.00011   0.00000   0.00000
FEB-16-2010  09:30:00      0.01    0.0000   0.01192   0.00000   0.00620   0.00000   0.00000   0.00009   0.00000   0.00000
FEB-16-2010  09:35:00      0.01    0.0000   0.01051   0.00000   0.00546   0.00000   0.00000   0.00008   0.00000   0.00000
FEB-16-2010  09:40:00      0.00    0.0000   0.00869   0.00000   0.00452   0.00000   0.00000   0.00007   0.00000   0.00000
FEB-16-2010  09:45:00      0.00    0.0000   0.00746   0.00000   0.00388   0.00000   0.00000   0.00006   0.00000   0.00000
FEB-16-2010  09:50:00      0.00    0.0000   0.00542   0.00000   0.00282   0.00000   0.00000   0.00004   0.00000   0.00000
FEB-16-2010  09:55:00      0.00    0.0000   0.00360   0.00000   0.00187   0.00000   0.00000   0.00003   0.00000   0.00000
FEB-16-2010  10:00:00      0.00    0.0000   0.00370   0.00000   0.00192   0.00000   0.00000   0.00003   0.00000   0.00000
FEB-16-2010  10:05:00      0.00    0.0000   0.00348   0.00000   0.00181   0.00000   0.00000   0.00003   0.00000   0.00000
FEB-16-2010  10:10:00      0.00    0.0000   0.00229   0.00000   0.00119   0.00000   0.00000   0.00002   0.00000   0.00000
FEB-16-2010  10:15:00      0.00    0.0000   0.00051   0.00000   0.00027   0.00000   0.00000   0.00001   0.00000   0.00000
FEB-16-2010  10:20:00      0.00    0.0000   0.00043   0.00000   0.00023   0.00000   0.00000   0.00002   0.00000   0.00000
FEB-16-2010  10:25:00      0.00    0.0000   0.00062   0.00000   0.00032   0.00000   0.00000   0.00003   0.00000   0.00000
FEB-16-2010  10:30:00      0.00    0.0000   0.00061   0.00000   0.00031   0.00000   0.00000   0.00003   0.00000   0.00000
FEB-16-2010  10:35:00      0.00    0.0000   0.00040   0.00000   0.00021   0.00000   0.00000   0.00001   0.00000   0.00000
FEB-16-2010  10:40:00      0.00    0.0000   0.00011   0.00000   0.00006   0.00000   0.00000   0.00000   0.00000   0.00000
FEB-16-2010  10:45:00      0.00    0.0000   0.00000   0.00000   0.00000   0.00000   0.00000   0.00000   0.00000   0.00000
FEB-16-2010  10:50:00      0.00    0.0000   0.00000   0.00000   0.00000   0.00000   0.00000   0.00000   0.00000   0.00000
FEB-16-2010  10:55:00      0.00    0.0000   0.00000   0.00000   0.00000   0.00000   0.00000   0.00000   0.00000   0.00000
FEB-16-2010  11:00:00      0.00    0.0000   0.00000   0.00000   0.00000   0.00000   0.00000   0.00000   0.00000   0.00000
FEB-16-2010  11:05:00      0.00    0.0000   0.00000   0.00000   0.00000   0.00000   0.00000   0.00000   0.00000   0.00000
FEB-16-2010  11:10:00      0.00    0.0000   0.00000   0.00000   0.00000   0.00000   0.00000   0.00000   0.00000   0.00000
FEB-16-2010  11:15:00      0.00    0.0000   0.00000   0.00000   0.00000   0.00000   0.00000   0.00000   0.00000   0.00000
FEB-16-2010  11:20:00      0.00    0.0000   0.00000   0.00000   0.00000   0.00000   0.00000   0.00000   0.00000   0.00000
FEB-16-2010  11:25:00      0.00    0.0000   0.00000   0.00000   0.00000   0.00000   0.00000   0.00000   0.00000   0.00000
FEB-16-2010  11:30:00      0.00    0.0000   0.00000   0.00000   0.00000   0.00000   0.00000   0.00000   0.00000   0.00000
FEB-16-2010  11:35:00      0.00    0.0000   0.00000   0.00000   0.00000   0.00000   0.00000   0.00000   0.00000   0.00000
FEB-16-2010  11:40:00      0.00    0.0000   0.00000   0.00000   0.00000   0.00000   0.00000   0.00000   0.00000   0.00000
FEB-16-2010  11:45:00      0.00    0.0000   0.00000   0.00000   0.00000   0.00000   0.00000   0.00000   0.00000   0.00000
FEB-16-2010  11:50:00      0.00    0.0000   0.00000   0.00000   0.00000   0.00000   0.00000   0.00000   0.00000   0.00000
FEB-16-2010  11:55:00      0.00    0.0000   0.00000   0.00000   0.00000   0.00000   0.00000   0.00000   0.00000   0.00000
FEB-16-2010  12:00:00      0.00    0.0000   0.00000   0.00000   0.00000   0.00000   0.00000   0.00000   0.00000   0.00000
FEB-16-2010  12:05:00      0.00    0.0000   0.00000   0.00000   0.00000   0.00000   0.00000   0.00000   0.00000   0.00000
FEB-16-2010  12:10:00      0.00    0.0000   0.00000   0.00000   0.00000   0.00000   0.00000   0.00000   0.00000   0.00000
FEB-16-2010  12:15:00      0.00    0.0000   0.00000   0.00000   0.00000   0.00000   0.00000   0.00000   0.00000   0.00000
FEB-16-2010  12:20:00      0.00    0.0000   0.00000   0.00000   0.00000   0.00000   0.00000   0.00000   0.00000   0.00000
FEB-16-2010  12:25:00      0.00    0.0000   0.00000   0.00000   0.00000   0.00000   0.00000   0.00000   0.00000   0.00000
FEB-16-2010  12:30:00      0.00    0.0000   0.00000   0.00000   0.00000   0.00000   0.00000   0.00000   0.00000   0.00000
FEB-16-2010  12:35:00      0.00    0.0000   0.00000   0.00000   0.00000   0.00000   0.00000   0.00000   0.00000   0.00000
FEB-16-2010  12:40:00      0.00    0.0000   0.00000   0.00000   0.00000   0.00000   0.00000   0.00000   0.00000   0.00000
FEB-16-2010  12:45:00      0.00    0.0000   0.00000   0.00000   0.00000   0.00000   0.00000   0.00000   0.00000   0.00000
FEB-16-2010  12:50:00      0.00    0.0000   0.00000   0.00000   0.00000   0.00000   0.00000   0.00000   0.00000   0.00000
FEB-16-2010  12:55:00      0.00    0.0000   0.00000   0.00000   0.00000   0.00000   0.00000   0.00000   0.00000   0.00000
FEB-16-2010  13:00:00      0.00    0.0000   0.00000   0.00000   0.00000   0.00000   0.00000   0.00000   0.00000   0.00000
FEB-16-2010  13:05:00      0.00    0.0000   0.00000   0.00000   0.00000   0.00000   0.00000   0.00000   0.00000   0.00000
FEB-16-2010  13:10:00      0.00    0.0000   0.00000   0.00000   0.00000   0.00000   0.00000   0.00000   0.00000   0.00000
FEB-16-2010  13:15:00      0.00    0.0000   0.00000   0.00000   0.00000   0.00000   0.00000   0.00000   0.00000   0.00000
FEB-16-2010  13:20:00      0.00    0.0000   0.00000   0.00000   0.00000   0.00000   0.00000   0.00000   0.00000   0.00000
FEB-16-2010  13:25:00      0.00    0.0000   0.00000   0.00000   0.00000   0.00000   0.00000   0.00000   0.00000   0.00000
FEB-16-2010  13:30:00      0.00    0.0000   0.00000   0.00000   0.00000   0.00000   0.00000   0.00000   0.00000   0.00000
FEB-16-2010  13:35:00      0.00    0.0000   0.00000   0.00000   0.00000   0.00000   0.00000   0.00000   0.00000   0.00000
FEB-16-2010  13:40:00      0.00    0.0000   0.00000   0.00000   0.00000   0.00000   0.00000   0.00000   0.00000   0.00000
FEB-16-2010  13:45:00      0.00    0.0000   0.00000   0.00000   0.00000   0.00000   0.00000   0.00000   0.00000   0.00000
FEB-16-2010  13:50:00      0.00    0.0000   0.00000   0.00000   0.00000   0.00000   0.00000   0.00000   0.00000   0.00000
FEB-16-2010  13:55:00      0.00    0.0000   0.00000   0.00000   0.00000   0.00000   0.00000   0.00000   0.00000   0.00000
FEB-16-2010  14:00:00      0.00    0.0000   0.00000   0.00000   0.00000   0.00000   0.00000   0.00000   0.00000   0.00000
FEB-16-2010  14:05:00      0.00    0.0000   0.00000   0.00000   0.00000   0.00000   0.00000   0.00000   0.00000   0.00000
FEB-16-2010  14:10:00      0.00    0.0000   0.00000   0.00000   0.00000   0.00000   0.00000   0.00000   0.00000   0.00000
FEB-16-2010  14:15:00      0.00    0.0000   0.00000   0.00000   0.00000   0.00000   0.00000   0.00000   0.00000   0.00000
FEB-16-2010  14:20:00      0.00    0.0000   0.00000   0.00000   0.00000   0.00000   0.00000   0.00000   0.00000   0.00000
FEB-16-2010  14:25:00      0.00    0.0000   0.00000   0.00000   0.00000   0.00000   0.00000   0.00000   0.00000   0.00000
FEB-16-2010  14:30:00      0.00    0.0000   0.00000   0.00000   0.00000   0.00000   0.00000   0.00000   0.00000   0.00000
FEB-16-2010  14:35:00      0.00    0.0000   0.00000   0.00000   0.00000   0.00000   0.00000   0.00000   0.00000   0.00000
FEB-16-2010  14:40:00      0.00    0.0000   0.00000   0.00000   0.00000   0.00000   0.00000   0.00000   0.00000   0.00000
FEB-16-2010  14:45:00      0.00    0.0000   0.00000   0.00000   0.00000   0.00000   0.00000   0.00000   0.00000   0.00000
FEB-16-2010  14:50:00      0.00    0.0000   0.00000   0.00000   0.00000   0.00000   0.00000   0.00000   0.00000   0.00000
FEB-16-2010  14:55:00      0.00    0.0000   0.00000   0.00000   0.00000   0.00000   0.00000   0.00000   0.00000   0.00000
FEB-16-2010  15:00:00      0.00    0.0000   0.00000   0.00000   0.00000   0.00000   0.00000   0.00000   0.00000   0.00000
FEB-16-2010  15:05:00      0.00    0.0000   0.00000   0.00000   0.00000   0.00000   0.00000   0.00000   0.00000   0.00000
FEB-16-2010  15:10:00      0.00    0.0000   0.00000   0.00000   0.00000   0.00000   0.00000   0.00000   0.00000   0.00000
FEB-16-2010  15:15:00      0.00    0.0000   0.00000   0.00000   0.00000   0.00000   0.00000   0.00000   0.00000   0.00000
FEB-16-2010  15:20:00      0.00    0.0000   0.00000   0.00000   0.00000   0.00000   0.00000   0.00000   0.00000   0.00000
FEB-16-2010  15:25:00      0.00    0.0000   0.00000   0.00000   0.00000   0.00000   0.00000   0.00000   0.00000   0.00000
FEB-16-2010  15:30:00      0.00    0.0000   0.00000   0.00000   0.00000   0.00000   0.00000   0.00000   0.00000   0.00000
FEB-16-2010  15:35:00      0.00    0.0000   0.00000   0.00000   0.00000   0.00000   0.00000   0.00000   0.00000   0.00000
FEB-16-2010  15:40:00      0.00    0.0000   0.00000   0.00000   0.00000   0.00000   0.00000   0.00000   0.00000   0.00000
FEB-16-2010  15:45:00      0.00    0.0000   0.00000   0.00000   0.00000   0.00000   0.00000   0.00000   0.00000   0.00000
FEB-16-2010  15:50:00      0.00    0.0000   0.00000   0.00000   0.00000   0.00000   0.00000   0.00000   0.00000   0.00000
FEB-16-2010  15:55:00      0.00    0.0000   0.00000   0.00000   0.00000   0.00000   0.00000   0.00000   0.00000   0.00000
FEB-16-2010  16:00:00      0.00    0.0000   0.00000   0.00000   0.00000   0.00000   0.00000   0.00000   0.00000   0.00000
FEB-16-2010  16:05:00      0.00    0.0000   0.00000   0.00000   0.00000   0.00000   0.00000   0.00000   0.00000   0.00000
FEB-16-2010  16:10:00      0.00    0.0000   0.00000   0.00000   0.00000   0.00000   0.00000   0.00000   0.00000   0.00000
FEB-16-2010  16:15:00      0.00    0.0000   0.00000   0.00000   0.00000   0.00000   0.00000   0.00000   0.00000   0.00000
FEB-16-2010  16:20:00      0.00    0.0000   0.00000   0.00000   0.00000   0.00000   0.00000   0.00000   0.00000   0.00000
FEB-16-2010  16:25:00      0.00    0.0000   0.00000   0.00000   0.00000   0.00000   0.00000   0.00000   0.00000   0.00000