SWMM5 LID Report File

Project:  ;Washington DOT Bioswale storm 2/16/2010 
LID Unit: Swale1 in Subcatchment SwaleArea

Elapsed	    Total	    Total	  Surface	     Soil	   Bottom	  Surface	    Drain	  Surface	    Soil/	  Storage
   Time	   Inflow	     Evap	    Infil	     Perc	    Infil	   Runoff	  Outflow	    Depth	    Pave 	    Depth
  Hours	    in/hr	    in/hr	    in/hr	    in/hr	    in/hr	    in/hr	    in/hr	   inches	    Moist	   inches
-------	 --------	 --------	 --------	 --------	 --------	 --------	 --------	 --------	 --------	 --------
FEB-15-2010  21:35:00      0.00    0.0000   0.00000   0.00000   0.00000   0.00000   0.00000   0.00000   0.00000   0.00000
FEB-15-2010  21:40:00      0.00    0.0000   0.00000   0.00000   0.00000   0.00000   0.00000   0.00000   0.00000   0.00000
FEB-15-2010  21:45:00      0.00    0.0000   0.00000   0.00000   0.00000   0.00000   0.00000   0.00000   0.00000   0.00000
FEB-15-2010  21:50:00      0.00    0.0000   0.00000   0.00000   0.00000   0.00000   0.00000   0.00000   0.00000   0.00000
FEB-15-2010  21:55:00      0.01    0.0000   0.01361   0.00000   0.00708   0.00000   0.00000   0.00052   0.00000   0.00000
FEB-15-2010  22:00:00      0.22    0.0000   0.32813   0.00000   0.17065   0.00005   0.00000   0.00216   0.00000   0.00000
FEB-15-2010  22:05:00      0.26    0.0000   0.48357   0.00000   0.25153   0.00016   0.00000   0.00367   0.00000   0.00000
FEB-15-2010  22:10:00      0.26    0.0000   0.49786   0.00000   0.25897   0.00018   0.00000   0.00393   0.00000   0.00000
FEB-15-2010  22:15:00      0.25    0.0000   0.48694   0.00000   0.25329   0.00017   0.00000   0.00386   0.00000   0.00000
FEB-15-2010  22:20:00      0.27    0.0000   0.51576   0.00000   0.26828   0.00019   0.00000   0.00419   0.00000   0.00000
FEB-15-2010  22:25:00      0.33    0.0000   0.61273   0.00000   0.31874   0.00024   0.00000   0.00501   0.00000   0.00000
FEB-15-2010  22:30:00      0.42    0.0000   0.78472   0.00000   0.40825   0.00036   0.00000   0.00646   0.00000   0.00000
FEB-15-2010  22:35:00      0.61    0.0000   1.19507   0.00000   0.62190   0.00079   0.00000   0.01007   0.00000   0.00000
FEB-15-2010  22:40:00      0.55    0.0000   1.01625   0.00000   0.52877   0.00055   0.00000   0.00782   0.00000   0.00000
FEB-15-2010  22:45:00      0.60    0.0000   1.13398   0.00000   0.59007   0.00069   0.00000   0.00904   0.00000   0.00000
FEB-15-2010  22:50:00      0.61    0.0000   1.16676   0.00000   0.60715   0.00074   0.00000   0.00925   0.00000   0.00000
FEB-15-2010  22:55:00      0.57    0.0000   1.11022   0.00000   0.57771   0.00069   0.00000   0.00877   0.00000   0.00000
FEB-15-2010  23:00:00      0.54    0.0000   1.04698   0.00000   0.54478   0.00062   0.00000   0.00833   0.00000   0.00000
FEB-15-2010  23:05:00      0.50    0.0000   0.97329   0.00000   0.50641   0.00056   0.00000   0.00769   0.00000   0.00000
FEB-15-2010  23:10:00      0.50    0.0000   0.95340   0.00000   0.49606   0.00053   0.00000   0.00767   0.00000   0.00000
FEB-15-2010  23:15:00      0.66    0.0000   1.28849   0.00000   0.67055   0.00090   0.00000   0.01086   0.00000   0.00000
FEB-15-2010  23:20:00      0.58    0.0000   1.08905   0.00000   0.56667   0.00063   0.00000   0.00837   0.00000   0.00000
FEB-15-2010  23:25:00      0.60    0.0000   1.15427   0.00000   0.60064   0.00072   0.00000   0.00914   0.00000   0.00000
FEB-15-2010  23:30:00      0.59    0.0000   1.13486   0.00000   0.59054   0.00071   0.00000   0.00897   0.00000   0.00000
FEB-15-2010  23:35:00      0.57    0.0000   1.09765   0.00000   0.57116   0.00067   0.00000   0.00875   0.00000   0.00000
FEB-15-2010  23:40:00      0.57    0.0000   1.08776   0.00000   0.56601   0.00066   0.00000   0.00869   0.00000   0.00000
FEB-15-2010  23:45:00      0.60    0.0000   1.15889   0.00000   0.60306   0.00074   0.00000   0.00912   0.00000   0.00000
FEB-15-2010  23:50:00      0.61    0.0000   1.17545   0.00000   0.61168   0.00075   0.00000   0.00941   0.00000   0.00000
FEB-15-2010  23:55:00      0.67    0.0000   1.26563   0.00000   0.65863   0.00083   0.00000   0.01022   0.00000   0.00000
FEB-16-2010  00:00:00      0.76    0.0000   1.43141   0.00000   0.74498   0.00102   0.00000   0.01160   0.00000   0.00000
FEB-16-2010  00:05:00      0.81    0.0000   1.41190   0.00000   0.73515   0.00204   0.00000   0.01940   0.00000   0.00000
FEB-16-2010  00:10:00      0.85    0.0000   1.36485   0.00000   0.71143   0.00561   0.00000   0.03545   0.00000   0.00000
FEB-16-2010  00:15:00      0.86    0.0000   1.32547   0.00000   0.69210   0.01381   0.00000   0.05877   0.00000   0.00000
FEB-16-2010  00:20:00      0.83    0.0000   1.29120   0.00000   0.67548   0.02588   0.00000   0.08265   0.00000   0.00000
FEB-16-2010  00:25:00      0.86    0.0000   1.25990   0.00000   0.66011   0.03775   0.00000   0.10337   0.00000   0.00000
FEB-16-2010  00:30:00      0.92    0.0000   1.23337   0.00000   0.64762   0.05788   0.00000   0.13379   0.00000   0.00000
FEB-16-2010  00:35:00      0.90    0.0000   1.21013   0.00000   0.63702   0.08510   0.00000   0.16595   0.00000   0.00000
FEB-16-2010  00:40:00      0.82    0.0000   1.18755   0.00000   0.62627   0.10718   0.00000   0.18708   0.00000   0.00000
FEB-16-2010  00:45:00      0.77    0.0000   1.16497   0.00000   0.61486   0.11797   0.00000   0.19611   0.00000   0.00000
FEB-16-2010  00:50:00      0.76    0.0000   1.14338   0.00000   0.60370   0.12306   0.00000   0.20102   0.00000   0.00000
FEB-16-2010  00:55:00      0.79    0.0000   1.12381   0.00000   0.59369   0.13061   0.00000   0.20920   0.00000   0.00000
FEB-16-2010  01:00:00      0.83    0.0000   1.10645   0.00000   0.58508   0.14407   0.00000   0.22289   0.00000   0.00000
FEB-16-2010  01:05:00      0.86    0.0000   1.09102   0.00000   0.57768   0.16377   0.00000   0.24081   0.00000   0.00000
FEB-16-2010  01:10:00      0.88    0.0000   1.07672   0.00000   0.57089   0.18525   0.00000   0.25924   0.00000   0.00000
FEB-16-2010  01:15:00      0.95    0.0000   1.06388   0.00000   0.56502   0.21277   0.00000   0.28269   0.00000   0.00000
FEB-16-2010  01:20:00      0.99    0.0000   1.05248   0.00000   0.56011   0.24861   0.00000   0.31014   0.00000   0.00000
FEB-16-2010  01:25:00      1.09    0.0000   1.04247   0.00000   0.55615   0.29483   0.00000   0.34494   0.00000   0.00000
FEB-16-2010  01:30:00      1.25    0.0000   1.03404   0.00000   0.55335   0.35700   0.00000   0.38846   0.00000   0.00000
FEB-16-2010  01:35:00      1.49    0.0000   1.02826   0.00000   0.55269   0.45522   0.00000   0.45199   0.00000   0.00000
FEB-16-2010  01:40:00      1.52    0.0000   1.02448   0.00000   0.55368   0.59080   0.00000   0.52365   0.00000   0.00000
FEB-16-2010  01:45:00      1.61    0.0000   1.01874   0.00000   0.55281   0.70022   0.00000   0.57679   0.00000   0.00000
FEB-16-2010  01:50:00      1.73    0.0000   1.01336   0.00000   0.55213   0.81821   0.00000   0.63213   0.00000   0.00000
FEB-16-2010  01:55:00      1.44    0.0000   1.00652   0.00000   0.54998   0.90667   0.00000   0.66116   0.00000   0.00000
FEB-16-2010  02:00:00      1.08    0.0000   0.99399   0.00000   0.54245   0.86727   0.00000   0.63409   0.00000   0.00000
FEB-16-2010  02:05:00      0.87    0.0000   0.97799   0.00000   0.53151   0.74393   0.00000   0.57445   0.00000   0.00000
FEB-16-2010  02:10:00      0.78    0.0000   0.96219   0.00000   0.52056   0.61800   0.00000   0.51396   0.00000   0.00000
FEB-16-2010  02:15:00      0.69    0.0000   0.94807   0.00000   0.51094   0.51911   0.00000   0.46287   0.00000   0.00000
FEB-16-2010  02:20:00      0.59    0.0000   0.93445   0.00000   0.50162   0.42551   0.00000   0.40954   0.00000   0.00000
FEB-16-2010  02:25:00      0.52    0.0000   0.92149   0.00000   0.49274   0.34102   0.00000   0.35823   0.00000   0.00000
FEB-16-2010  02:30:00      0.48    0.0000   0.90956   0.00000   0.48465   0.27154   0.00000   0.31230   0.00000   0.00000
FEB-16-2010  02:35:00      0.43    0.0000   0.89850   0.00000   0.47723   0.21409   0.00000   0.27039   0.00000   0.00000
FEB-16-2010  02:40:00      0.39    0.0000   0.88813   0.00000   0.47032   0.16571   0.00000   0.23121   0.00000   0.00000
FEB-16-2010  02:45:00      0.38    0.0000   0.87837   0.00000   0.46384   0.12489   0.00000   0.19481   0.00000   0.00000
FEB-16-2010  02:50:00      0.37    0.0000   0.86942   0.00000   0.45799   0.09345   0.00000   0.16361   0.00000   0.00000
FEB-16-2010  02:55:00      0.34    0.0000   0.86112   0.00000   0.45264   0.06882   0.00000   0.13541   0.00000   0.00000
FEB-16-2010  03:00:00      0.32    0.0000   0.85308   0.00000   0.44744   0.04717   0.00000   0.10683   0.00000   0.00000
FEB-16-2010  03:05:00      0.31    0.0000   0.84538   0.00000   0.44246   0.02942   0.00000   0.07952   0.00000   0.00000
FEB-16-2010  03:10:00      0.30    0.0000   0.83813   0.00000   0.43782   0.01623   0.00000   0.05433   0.00000   0.00000
FEB-16-2010  03:15:00      0.27    0.0000   0.83113   0.00000   0.43332   0.00645   0.00000   0.02886   0.00000   0.00000
FEB-16-2010  03:20:00      0.24    0.0000   0.64893   0.00000   0.33762   0.00044   0.00000   0.00233   0.00000   0.00000
FEB-16-2010  03:25:00      0.21    0.0000   0.44354   0.00000   0.23071   0.00018   0.00000   0.00306   0.00000   0.00000
FEB-16-2010  03:30:00      0.21    0.0000   0.40060   0.00000   0.20836   0.00013   0.00000   0.00319   0.00000   0.00000
FEB-16-2010  03:35:00      0.22    0.0000   0.41532   0.00000   0.21602   0.00013   0.00000   0.00333   0.00000   0.00000
FEB-16-2010  03:40:00      0.24    0.0000   0.45493   0.00000   0.23663   0.00015   0.00000   0.00369   0.00000   0.00000
FEB-16-2010  03:45:00      0.25    0.0000   0.48505   0.00000   0.25230   0.00017   0.00000   0.00387   0.00000   0.00000
FEB-16-2010  03:50:00      0.29    0.0000   0.54418   0.00000   0.28307   0.00020   0.00000   0.00444   0.00000   0.00000
FEB-16-2010  03:55:00      0.50    0.0000   0.80693   0.00000   0.41987   0.00058   0.00000   0.01028   0.00000   0.00000
FEB-16-2010  04:00:00      0.48    0.0000   0.80388   0.00000   0.41867   0.00268   0.00000   0.02163   0.00000   0.00000
FEB-16-2010  04:05:00      0.50    0.0000   0.80085   0.00000   0.41744   0.00560   0.00000   0.03383   0.00000   0.00000
FEB-16-2010  04:10:00      0.45    0.0000   0.79785   0.00000   0.41622   0.00912   0.00000   0.04308   0.00000   0.00000
FEB-16-2010  04:15:00      0.43    0.0000   0.79431   0.00000   0.41445   0.01000   0.00000   0.04442   0.00000   0.00000
FEB-16-2010  04:20:00      0.41    0.0000   0.79064   0.00000   0.41252   0.00981   0.00000   0.04345   0.00000   0.00000
FEB-16-2010  04:25:00      0.43    0.0000   0.78697   0.00000   0.41055   0.00914   0.00000   0.04229   0.00000   0.00000
FEB-16-2010  04:30:00      0.48    0.0000   0.78383   0.00000   0.40904   0.01069   0.00000   0.04788   0.00000   0.00000
FEB-16-2010  04:35:00      0.48    0.0000   0.78119   0.00000   0.40797   0.01475   0.00000   0.05781   0.00000   0.00000
FEB-16-2010  04:40:00      0.46    0.0000   0.77844   0.00000   0.40677   0.01820   0.00000   0.06465   0.00000   0.00000
FEB-16-2010  04:45:00      0.44    0.0000   0.77553   0.00000   0.40538   0.02027   0.00000   0.06820   0.00000   0.00000
FEB-16-2010  04:50:00      0.42    0.0000   0.77245   0.00000   0.40380   0.02071   0.00000   0.06867   0.00000   0.00000
FEB-16-2010  04:55:00      0.49    0.0000   0.76959   0.00000   0.40239   0.02223   0.00000   0.07381   0.00000   0.00000
FEB-16-2010  05:00:00      0.55    0.0000   0.76746   0.00000   0.40167   0.02917   0.00000   0.08788   0.00000   0.00000
FEB-16-2010  05:05:00      0.66    0.0000   0.76608   0.00000   0.40164   0.04340   0.00000   0.11336   0.00000   0.00000
FEB-16-2010  05:10:00      0.77    0.0000   0.76566   0.00000   0.40254   0.07085   0.00000   0.15241   0.00000   0.00000
FEB-16-2010  05:15:00      0.79    0.0000   0.76608   0.00000   0.40426   0.11549   0.00000   0.20119   0.00000   0.00000
FEB-16-2010  05:20:00      0.66    0.0000   0.76560   0.00000   0.40509   0.15307   0.00000   0.23170   0.00000   0.00000
FEB-16-2010  05:25:00      0.56    0.0000   0.76346   0.00000   0.40427   0.16476   0.00000   0.23809   0.00000   0.00000
FEB-16-2010  05:30:00      0.50    0.0000   0.76043   0.00000   0.40253   0.15987   0.00000   0.23202   0.00000   0.00000
FEB-16-2010  05:35:00      0.45    0.0000   0.75701   0.00000   0.40038   0.14724   0.00000   0.21963   0.00000   0.00000
FEB-16-2010  05:40:00      0.41    0.0000   0.75333   0.00000   0.39794   0.12962   0.00000   0.20258   0.00000   0.00000
FEB-16-2010  05:45:00      0.39    0.0000   0.74958   0.00000   0.39540   0.11065   0.00000   0.18377   0.00000   0.00000
FEB-16-2010  05:50:00      0.40    0.0000   0.74596   0.00000   0.39296   0.09359   0.00000   0.16676   0.00000   0.00000
FEB-16-2010  05:55:00      0.54    0.0000   0.74315   0.00000   0.39130   0.08806   0.00000   0.16558   0.00000   0.00000
FEB-16-2010  06:00:00      0.51    0.0000   0.74122   0.00000   0.39049   0.09459   0.00000   0.17116   0.00000   0.00000
FEB-16-2010  06:05:00      0.63    0.0000   0.73946   0.00000   0.38985   0.10345   0.00000   0.18410   0.00000   0.00000
FEB-16-2010  06:10:00      0.61    0.0000   0.73853   0.00000   0.39001   0.12570   0.00000   0.20586   0.00000   0.00000
FEB-16-2010  06:15:00      0.53    0.0000   0.73693   0.00000   0.38950   0.13739   0.00000   0.21394   0.00000   0.00000
FEB-16-2010  06:20:00      0.47    0.0000   0.73455   0.00000   0.38816   0.13464   0.00000   0.20944   0.00000   0.00000
FEB-16-2010  06:25:00      0.42    0.0000   0.73177   0.00000   0.38640   0.12417   0.00000   0.19822   0.00000   0.00000
FEB-16-2010  06:30:00      0.37    0.0000   0.72870   0.00000   0.38432   0.10835   0.00000   0.18150   0.00000   0.00000
FEB-16-2010  06:35:00      0.37    0.0000   0.72550   0.00000   0.38208   0.09050   0.00000   0.16281   0.00000   0.00000
FEB-16-2010  06:40:00      0.42    0.0000   0.72263   0.00000   0.38016   0.07798   0.00000   0.15065   0.00000   0.00000
FEB-16-2010  06:45:00      0.43    0.0000   0.72042   0.00000   0.37889   0.07476   0.00000   0.14754   0.00000   0.00000
FEB-16-2010  06:50:00      0.40    0.0000   0.71817   0.00000   0.37756   0.07052   0.00000   0.14159   0.00000   0.00000
FEB-16-2010  06:55:00      0.35    0.0000   0.71569   0.00000   0.37598   0.06261   0.00000   0.13072   0.00000   0.00000
FEB-16-2010  07:00:00      0.32    0.0000   0.71299   0.00000   0.37414   0.05155   0.00000   0.11534   0.00000   0.00000
FEB-16-2010  07:05:00      0.30    0.0000   0.71018   0.00000   0.37218   0.03969   0.00000   0.09794   0.00000   0.00000
FEB-16-2010  07:10:00      0.29    0.0000   0.70742   0.00000   0.37024   0.02907   0.00000   0.08078   0.00000   0.00000
FEB-16-2010  07:15:00      0.28    0.0000   0.70474   0.00000   0.36836   0.02006   0.00000   0.06393   0.00000   0.00000
FEB-16-2010  07:20:00      0.26    0.0000   0.70204   0.00000   0.36645   0.01203   0.00000   0.04583   0.00000   0.00000
FEB-16-2010  07:25:00      0.25    0.0000   0.69930   0.00000   0.36448   0.00528   0.00000   0.02628   0.00000   0.00000
FEB-16-2010  07:30:00      0.23    0.0000   0.69656   0.00000   0.36249   0.00084   0.00000   0.00583   0.00000   0.00000
FEB-16-2010  07:35:00      0.22    0.0000   0.46416   0.00000   0.24144   0.00019   0.00000   0.00388   0.00000   0.00000
FEB-16-2010  07:40:00      0.21    0.0000   0.41726   0.00000   0.21703   0.00014   0.00000   0.00338   0.00000   0.00000
FEB-16-2010  07:45:00      0.21    0.0000   0.39759   0.00000   0.20680   0.00012   0.00000   0.00318   0.00000   0.00000
FEB-16-2010  07:50:00      0.20    0.0000   0.38494   0.00000   0.20021   0.00012   0.00000   0.00307   0.00000   0.00000
FEB-16-2010  07:55:00      0.19    0.0000   0.37327   0.00000   0.19414   0.00011   0.00000   0.00297   0.00000   0.00000
FEB-16-2010  08:00:00      0.19    0.0000   0.36116   0.00000   0.18784   0.00011   0.00000   0.00288   0.00000   0.00000
FEB-16-2010  08:05:00      0.18    0.0000   0.35105   0.00000   0.18259   0.00010   0.00000   0.00280   0.00000   0.00000
FEB-16-2010  08:10:00      0.15    0.0000   0.29528   0.00000   0.15357   0.00008   0.00000   0.00227   0.00000   0.00000
FEB-16-2010  08:15:00      0.11    0.0000   0.21988   0.00000   0.11435   0.00005   0.00000   0.00171   0.00000   0.00000
FEB-16-2010  08:20:00      0.08    0.0000   0.16662   0.00000   0.08665   0.00003   0.00000   0.00131   0.00000   0.00000
FEB-16-2010  08:25:00      0.07    0.0000   0.12850   0.00000   0.06682   0.00002   0.00000   0.00101   0.00000   0.00000
FEB-16-2010  08:30:00      0.05    0.0000   0.09980   0.00000   0.05190   0.00001   0.00000   0.00078   0.00000   0.00000
FEB-16-2010  08:35:00      0.04    0.0000   0.07814   0.00000   0.04064   0.00001   0.00000   0.00061   0.00000   0.00000
FEB-16-2010  08:40:00      0.03    0.0000   0.06249   0.00000   0.03250   0.00001   0.00000   0.00049   0.00000   0.00000
FEB-16-2010  08:45:00      0.03    0.0000   0.05064   0.00000   0.02634   0.00000   0.00000   0.00040   0.00000   0.00000
FEB-16-2010  08:50:00      0.02    0.0000   0.04174   0.00000   0.02171   0.00000   0.00000   0.00033   0.00000   0.00000
FEB-16-2010  08:55:00      0.02    0.0000   0.03457   0.00000   0.01798   0.00000   0.00000   0.00027   0.00000   0.00000
FEB-16-2010  09:00:00      0.01    0.0000   0.02854   0.00000   0.01484   0.00000   0.00000   0.00022   0.00000   0.00000
FEB-16-2010  09:05:00      0.01    0.0000   0.02391   0.00000   0.01244   0.00000   0.00000   0.00019   0.00000   0.00000
FEB-16-2010  09:10:00      0.01    0.0000   0.02148   0.00000   0.01117   0.00000   0.00000   0.00017   0.00000   0.00000
FEB-16-2010  09:15:00      0.01    0.0000   0.01778   0.00000   0.00924   0.00000   0.00000   0.00014   0.00000   0.00000
FEB-16-2010  09:20:00      0.01    0.0000   0.01552   0.00000   0.00807   0.00000   0.00000   0.00013   0.00000   0.00000
FEB-16-2010  09:25:00      0.01    0.0000   0.01378   0.00000   0.00717   0.00000   0.00000   0.00011   0.00000   0.00000
FEB-16-2010  09:30:00      0.01    0.0000   0.01192   0.00000   0.00620   0.00000   0.00000   0.00009   0.00000   0.00000
FEB-16-2010  09:35:00      0.01    0.0000   0.01051   0.00000   0.00546   0.00000   0.00000   0.00008   0.00000   0.00000
FEB-16-2010  09:40:00      0.00    0.0000   0.00869   0.00000   0.00452   0.00000   0.00000   0.00007   0.00000   0.00000
FEB-16-2010  09:45:00      0.00    0.0000   0.00746   0.00000   0.00388   0.00000   0.00000   0.00006   0.00000   0.00000
FEB-16-2010  09:50:00      0.00    0.0000   0.00542   0.00000   0.00282   0.00000   0.00000   0.00004   0.00000   0.00000
FEB-16-2010  09:55:00      0.00    0.0000   0.00360   0.00000   0.00187   0.00000   0.00000   0.00003   0.00000   0.00000
FEB-16-2010  10:00:00      0.00    0.0000   0.00370   0.00000   0.00192   0.00000   0.00000   0.00003   0.00000   0.00000
FEB-16-2010  10:05:00      0.00    0.0000   0.00348   0.00000   0.00181   0.00000   0.00000   0.00003   0.00000   0.00000
FEB-16-2010  10:10:00      0.00    0.0000   0.00229   0.00000   0.00119   0.00000   0.00000   0.00002   0.00000   0.00000
FEB-16-2010  10:15:00      0.00    0.0000   0.00051   0.00000   0.00027   0.00000   0.00000   0.00001   0.00000   0.00000
FEB-16-2010  10:20:00      0.00    0.0000   0.00043   0.00000   0.00023   0.00000   0.00000   0.00002   0.00000   0.00000
FEB-16-2010  10:25:00      0.00    0.0000   0.00062   0.00000   0.00032   0.00000   0.00000   0.00003   0.00000   0.00000
FEB-16-2010  10:30:00      0.00    0.0000   0.00061   0.00000   0.00031   0.00000   0.00000   0.00003   0.00000   0.00000
FEB-16-2010  10:35:00      0.00    0.0000   0.00040   0.00000   0.00021   0.00000   0.00000   0.00001   0.00000   0.00000
FEB-16-2010  10:40:00      0.00    0.0000   0.00011   0.00000   0.00006   0.00000   0.00000   0.00000   0.00000   0.00000
FEB-16-2010  10:45:00      0.00    0.0000   0.00000   0.00000   0.00000   0.00000   0.00000   0.00000   0.00000   0.00000
FEB-16-2010  10:50:00      0.00    0.0000   0.00000   0.00000   0.00000   0.00000   0.00000   0.00000   0.00000   0.00000
FEB-16-2010  10:55:00      0.00    0.0000   0.00000   0.00000   0.00000   0.00000   0.00000   0.00000   0.00000   0.00000
FEB-16-2010  11:00:00      0.00    0.0000   0.00000   0.00000   0.00000   0.00000   0.00000   0.00000   0.00000   0.00000
FEB-16-2010  11:05:00      0.00    0.0000   0.00000   0.00000   0.00000   0.00000   0.00000   0.00000   0.00000   0.00000
FEB-16-2010  11:10:00      0.00    0.0000   0.00000   0.00000   0.00000   0.00000   0.00000   0.00000   0.00000   0.00000
FEB-16-2010  11:15:00      0.00    0.0000   0.00000   0.00000   0.00000   0.00000   0.00000   0.00000   0.00000   0.00000
FEB-16-2010  11:20:00      0.00    0.0000   0.00000   0.00000   0.00000   0.00000   0.00000   0.00000   0.00000   0.00000
FEB-16-2010  11:25:00      0.00    0.0000   0.00000   0.00000   0.00000   0.00000   0.00000   0.00000   0.00000   0.00000
FEB-16-2010  11:30:00      0.00    0.0000   0.00000   0.00000   0.00000   0.00000   0.00000   0.00000   0.00000   0.00000
FEB-16-2010  11:35:00      0.00    0.0000   0.00000   0.00000   0.00000   0.00000   0.00000   0.00000   0.00000   0.00000
FEB-16-2010  11:40:00      0.00    0.0000   0.00000   0.00000   0.00000   0.00000   0.00000   0.00000   0.00000   0.00000
FEB-16-2010  11:45:00      0.00    0.0000   0.00000   0.00000   0.00000   0.00000   0.00000   0.00000   0.00000   0.00000
FEB-16-2010  11:50:00      0.00    0.0000   0.00000   0.00000   0.00000   0.00000   0.00000   0.00000   0.00000   0.00000
FEB-16-2010  11:55:00      0.00    0.0000   0.00000   0.00000   0.00000   0.00000   0.00000   0.00000   0.00000   0.00000
FEB-16-2010  12:00:00      0.00    0.0000   0.00000   0.00000   0.00000   0.00000   0.00000   0.00000   0.00000   0.00000
FEB-16-2010  12:05:00      0.00    0.0000   0.00000   0.00000   0.00000   0.00000   0.00000   0.00000   0.00000   0.00000
FEB-16-2010  12:10:00      0.00    0.0000   0.00000   0.00000   0.00000   0.00000   0.00000   0.00000   0.00000   0.00000
FEB-16-2010  12:15:00      0.00    0.0000   0.00000   0.00000   0.00000   0.00000   0.00000   0.00000   0.00000   0.00000
FEB-16-2010  12:20:00      0.00    0.0000   0.00000   0.00000   0.00000   0.00000   0.00000   0.00000   0.00000   0.00000
FEB-16-2010  12:25:00      0.00    0.0000   0.00000   0.00000   0.00000   0.00000   0.00000   0.00000   0.00000   0.00000
FEB-16-2010  12:30:00      0.00    0.0000   0.00000   0.00000   0.00000   0.00000   0.00000   0.00000   0.00000   0.00000
FEB-16-2010  12:35:00      0.00    0.0000   0.00000   0.00000   0.00000   0.00000   0.00000   0.00000   0.00000   0.00000
FEB-16-2010  12:40:00      0.00    0.0000   0.00000   0.00000   0.00000   0.00000   0.00000   0.00000   0.00000   0.00000
FEB-16-2010  12:45:00      0.00    0.0000   0.00000   0.00000   0.00000   0.00000   0.00000   0.00000   0.00000   0.00000
FEB-16-2010  12:50:00      0.00    0.0000   0.00000   0.00000   0.00000   0.00000   0.00000   0.00000   0.00000   0.00000
FEB-16-2010  12:55:00      0.00    0.0000   0.00000   0.00000   0.00000   0.00000   0.00000   0.00000   0.00000   0.00000
FEB-16-2010  13:00:00      0.00    0.0000   0.00000   0.00000   0.00000   0.00000   0.00000   0.00000   0.00000   0.00000
FEB-16-2010  13:05:00      0.00    0.0000   0.00000   0.00000   0.00000   0.00000   0.00000   0.00000   0.00000   0.00000
FEB-16-2010  13:10:00      0.00    0.0000   0.00000   0.00000   0.00000   0.00000   0.00000   0.00000   0.00000   0.00000
FEB-16-2010  13:15:00      0.00    0.0000   0.00000   0.00000   0.00000   0.00000   0.00000   0.00000   0.00000   0.00000
FEB-16-2010  13:20:00      0.00    0.0000   0.00000   0.00000   0.00000   0.00000   0.00000   0.00000   0.00000   0.00000
FEB-16-2010  13:25:00      0.00    0.0000   0.00000   0.00000   0.00000   0.00000   0.00000   0.00000   0.00000   0.00000
FEB-16-2010  13:30:00      0.00    0.0000   0.00000   0.00000   0.00000   0.00000   0.00000   0.00000   0.00000   0.00000
FEB-16-2010  13:35:00      0.00    0.0000   0.00000   0.00000   0.00000   0.00000   0.00000   0.00000   0.00000   0.00000
FEB-16-2010  13:40:00      0.00    0.0000   0.00000   0.00000   0.00000   0.00000   0.00000   0.00000   0.00000   0.00000
FEB-16-2010  13:45:00      0.00    0.0000   0.00000   0.00000   0.00000   0.00000   0.00000   0.00000   0.00000   0.00000
FEB-16-2010  13:50:00      0.00    0.0000   0.00000   0.00000   0.00000   0.00000   0.00000   0.00000   0.00000   0.00000
FEB-16-2010  13:55:00      0.00    0.0000   0.00000   0.00000   0.00000   0.00000   0.00000   0.00000   0.00000   0.00000
FEB-16-2010  14:00:00      0.00    0.0000   0.00000   0.00000   0.00000   0.00000   0.00000   0.00000   0.00000   0.00000
FEB-16-2010  14:05:00      0.00    0.0000   0.00000   0.00000   0.00000   0.00000   0.00000   0.00000   0.00000   0.00000
FEB-16-2010  14:10:00      0.00    0.0000   0.00000   0.00000   0.00000   0.00000   0.00000   0.00000   0.00000   0.00000
FEB-16-2010  14:15:00      0.00    0.0000   0.00000   0.00000   0.00000   0.00000   0.00000   0.00000   0.00000   0.00000
FEB-16-2010  14:20:00      0.00    0.0000   0.00000   0.00000   0.00000   0.00000   0.00000   0.00000   0.00000   0.00000
FEB-16-2010  14:25:00      0.00    0.0000   0.00000   0.00000   0.00000   0.00000   0.00000   0.00000   0.00000   0.00000
FEB-16-2010  14:30:00      0.00    0.0000   0.00000   0.00000   0.00000   0.00000   0.00000   0.00000   0.00000   0.00000
FEB-16-2010  14:35:00      0.00    0.0000   0.00000   0.00000   0.00000   0.00000   0.00000   0.00000   0.00000   0.00000
FEB-16-2010  14:40:00      0.00    0.0000   0.00000   0.00000   0.00000   0.00000   0.00000   0.00000   0.00000   0.00000
FEB-16-2010  14:45:00      0.00    0.0000   0.00000   0.00000   0.00000   0.00000   0.00000   0.00000   0.00000   0.00000
FEB-16-2010  14:50:00      0.00    0.0000   0.00000   0.00000   0.00000   0.00000   0.00000   0.00000   0.00000   0.00000
FEB-16-2010  14:55:00      0.00    0.0000   0.00000   0.00000   0.00000   0.00000   0.00000   0.00000   0.00000   0.00000
FEB-16-2010  15:00:00      0.00    0.0000   0.00000   0.00000   0.00000   0.00000   0.00000   0.00000   0.00000   0.00000
FEB-16-2010  15:05:00      0.00    0.0000   0.00000   0.00000   0.00000   0.00000   0.00000   0.00000   0.00000   0.00000
FEB-16-2010  15:10:00      0.00    0.0000   0.00000   0.00000   0.00000   0.00000   0.00000   0.00000   0.00000   0.00000
FEB-16-2010  15:15:00      0.00    0.0000   0.00000   0.00000   0.00000   0.00000   0.00000   0.00000   0.00000   0.00000
FEB-16-2010  15:20:00      0.00    0.0000   0.00000   0.00000   0.00000   0.00000   0.00000   0.00000   0.00000   0.00000
FEB-16-2010  15:25:00      0.00    0.0000   0.00000   0.00000   0.00000   0.00000   0.00000   0.00000   0.00000   0.00000
FEB-16-2010  15:30:00      0.00    0.0000   0.00000   0.00000   0.00000   0.00000   0.00000   0.00000   0.00000   0.00000
FEB-16-2010  15:35:00      0.00    0.0000   0.00000   0.00000   0.00000   0.00000   0.00000   0.00000   0.00000   0.00000
FEB-16-2010  15:40:00      0.00    0.0000   0.00000   0.00000   0.00000   0.00000   0.00000   0.00000   0.00000   0.00000
FEB-16-2010  15:45:00      0.00    0.0000   0.00000   0.00000   0.00000   0.00000   0.00000   0.00000   0.00000   0.00000
FEB-16-2010  15:50:00      0.00    0.0000   0.00000   0.00000   0.00000   0.00000   0.00000   0.00000   0.00000   0.00000
FEB-16-2010  15:55:00      0.00    0.0000   0.00000   0.00000   0.00000   0.00000   0.00000   0.00000   0.00000   0.00000
FEB-16-2010  16:00:00      0.00    0.0000   0.00000   0.00000   0.00000   0.00000   0.00000   0.00000   0.00000   0.00000
FEB-16-2010  16:05:00      0.00    0.0000   0.00000   0.00000   0.00000   0.00000   0.00000   0.00000   0.00000   0.00000
FEB-16-2010  16:10:00      0.00    0.0000   0.00000   0.00000   0.00000   0.00000   0.00000   0.00000   0.00000   0.00000
FEB-16-2010  16:15:00      0.00    0.0000   0.00000   0.00000   0.00000   0.00000   0.00000   0.00000   0.00000   0.00000
FEB-16-2010  16:20:00      0.00    0.0000   0.00000   0.00000   0.00000   0.00000   0.00000   0.00000   0.00000   0.00000
FEB-16-2010  16:25:00      0.00    0.0000   0.00000   0.00000   0.00000   0.00000   0.00000   0.00000   0.00000   0.00000