0
0
0
0
0
0
0
0
0
0
0
0
0
0
0
0
0
0
1.79E-03
4.06E-02
5.22E-02
0.051639517
0.048137834
0.052399618
0.065652626
7.43E-02
0.075995222
0.073293213
0.071355561
0.070165006
0.073170462
0.099315918
0.135095585
0.156270526
0.181220881
0.188783777
0.186577971
0.20453497
0.207592045
0.18891888
0.16712784
0.153309126
0.155279922
0.171615911
0.192850205
0.209430924
0.231537714
0.257655924
0.289616339
0.378394812
0.495819279
0.52749016
0.585605736
0.586037422
0.484364228
0.364211376
0.264475585
0.202938052
0.16684056
0.130955892
0.0987958
0.074736335
0.054204665
0.039513302
0.027122496
0.016806555
0.009143787
0.003936864
0.000920939
1.94963E-05
0
0
0
0
0
0
0
0
0
0
0
0
0
0.000502189
0.008170892
0.010833829
0.012338289
0.017734083
0.022928501
0.023731659
0.02251208
0.020982858
0.023562147
0.074004398
0.147522136
0.146157637
0.114498005
0.084871216
0.061919044
0.04506253
0.031787826
0.023560447
0.017521431
0.015585394
0.040695509
0.093938703
0.101602994
0.083704221
0.06469307
0.049009932
0.035325793
0.023483644
0.015387392
0.012909903
0.017010428
0.018127577
0.0150505
0.010436451
0.00558696
0.00227201
0.000182108
0
0
0
0
0
0
0
0
0
0
0
0
0
0
0
0
0
0
0
0
0
0
0
0
0
0
0
0
0
0
0
0
0
0
0
0
0
0
0
0
0
0
0
0
0
0
0
0
0
0
0
0
0
0
0
0
0
0
0
0
0
0
0
0
0
0
0
0
0
0
0
0
0
0
0
0
0
0
0
0
0
0
0
0
0
0
0
0
0
0
0
0
0
0
0
0
0
0
0
0
0
0
0
0
0
0