  single point
    dprsn_strg    0.1181100000000000         1.000000         0.000000    
       sctn_hd     4.339000000000001         1.000000         0.000000    
     hyd_cndct    0.4610000000000000         1.000000         0.000000    
      ntl_dfct    0.9900000000000000         1.000000         0.000000    
     vgttn_vlm    0.2000000000000000         1.000000         0.000000    
     srf_rghns    0.2500000000000000         1.000000         0.000000    
     srf_slope     1.500000000000000         1.000000         0.000000    
     sid_slope     3.000000000000000         1.000000         0.000000    
     srf_width     12.50000000000000         1.000000         0.000000    
      intl_sat    1.0000000000000000E-02     1.000000         0.000000    
