  single point
      ldu_wdth     90.10000000000000         1.000000         0.000000    
     ldu_ntstr     15.09930481000000         1.000000         0.000000    
      srf_strg     1.000000000000000         1.000000         0.000000    
     srf_vgvlm    5.0000000000000000E-02     1.000000         0.000000    
     srf_rghns    0.4100000000000000         1.000000         0.000000    
       srf_slp     4.170000000000000         1.000000         0.000000    
       sl_thck     4.000000000000000         1.000000         0.000000    
      sl_prsty    0.4700000000000000         1.000000         0.000000    
      sl_fldcp    0.3300000000000000         1.000000         0.000000    
      sl_wltpt    9.0000000000000000E-02     1.000000         0.000000    
        sl_kst     3.000000000000000         1.000000         0.000000    
       sl_kcff    0.5000000000000000         1.000000         0.000000    
       sl_sctn     4.000000000000000         1.000000         0.000000    
      dmt_thck     3.000000000000000         1.000000         0.000000    
     dmt_vdrto    0.3000000000000000         1.000000         0.000000    
     dmt_rghns     3.750000000000000         1.000000         0.000000    
