  single point
     srf_width     9.840000000000000         1.000000         0.000000    
       int_sat    4.0000000000000000E-02     1.000000         0.000000    
     srf_rghns    1.4000000000000000E-02     1.000000         0.000000    
     str_vdrto    0.4800000000000000         1.000000         0.000000    
     str_hdcnd     2.800000000000000         1.000000         0.000000    
     str_clgfr    1.0000000000000000E-02     1.000000         0.000000    
     drn_flwco    3.9928614400000000E-02     1.000000         0.000000    
     drn_fwexp     1.620087160000000         1.000000         0.000000    
     infl_schd     2.400000000000000         1.000000         0.000000    
     infl_cndt     1.180000000000000         1.000000         0.000000    
     infl_intd     75.00000000000000         1.000000         0.000000    
