  single point
     srf_width    9.84          1.000000         0.000000    
       int_sat    50.0          1.000000         0.000000    
     srf_rghns    0.014         1.000000         0.000000    
     str_vdrto    0.43          1.000000         0.000000
     str_clgfr    650           1.000000         0.000000
     drn_flwco    1.181         1.000000         0.000000
     drn_fwexp    0.5           1.000000         0.000000
     infl_schd    2.40          1.000000         0.000000    
     infl_cndt    1.18          1.000000         0.000000    
     infl_intd    50.0          1.000000         0.000000    
